Gene name,adult-24h-pooled-colonies_adi_SRR5223641,adult-24h-pooled-colonies_adi_SRR5223642,adult-24h-single-colony_adi_SRR5223643,adult-24h-single-colony_adi_SRR5223644,adult-4h-pooled-colonies_adi_SRR5223645,adult-4h-pooled-colonies_adi_SRR5223646,adult-4h-single-colony_adi_SRR5223647,larvae-24h_adi_SRR5223649,larvae-24h_adi_SRR5270328
Adi-Mir-10_pri,191514.66,200321.48,138933.25,183139.60,236673.53,220492.67,213903.90,3376.98,1993.31
Adi-Mir-2022_pri,1595.69,1931.04,702.65,1546.34,696.39,799.11,1025.37,4265.66,3465.30
Adi-Mir-2023-P1-v1_pri,303299.33,201432.64,160907.06,226341.05,248665.25,314274.43,214803.20,218200.13,333282.22
Adi-Mir-2023-P1-v2_pri,303299.33,201432.64,160907.06,226341.05,248665.25,314274.43,214803.20,218200.13,333282.22
Adi-Mir-2023-P2-v1_pri,303299.33,201432.64,160907.06,226341.05,248665.25,314274.43,214803.20,218200.13,333282.22
Adi-Mir-2023-P2-v2_pri,303299.33,201432.64,160907.06,226341.05,248665.25,314274.43,214803.20,218200.13,333282.22
Adi-Mir-2025_pri,2194.08,3096.14,2299.58,3220.65,1605.15,1941.98,1143.04,9479.23,5121.29
Adi-Mir-2030_pri,3821.06,5501.86,6643.24,7944.97,3165.85,3139.13,2555.03,7701.88,9905.24
Adi-Mir-2036_pri,1521.39,1952.62,2235.71,2484.80,1328.57,1022.25,1277.51,236.98,61.33
Adi-Mir-2050_pri,359.81,388.37,255.51,138.64,335.85,174.90,416.03,0,61.33
Adi-Mir-9425_pri,4615.00,7713.39,24465.03,12594.65,8272.71,5961.62,7900.42,41175.43,19595.82
Adi-Novel-1_pri,4431.18,4185.73,3896.52,3561.91,3753.59,2602.37,3504.76,5154.33,3649.30
Adi-Novel-2_pri,293.33,377.58,0,0,340.79,220.13,310.97,0,0.00
Adi-Novel-3_pri,11138.58,16268.23,34685.40,23227.04,13843.82,12574.60,10505.88,34599.21,29746.39
Adi-Novel-4_pri,782.20,712.00,1660.81,1322.38,691.45,660.39,525.29,2903.02,2085.31
Adi-Novel-5_pri,1638.72,1165.10,1980.20,970.46,1150.77,669.44,1378.37,1955.09,2146.65
Adi-Novel-6-P1_pri,67468.95,79129.63,64068.99,67238.99,78445.03,64383.74,69620.36,171870.37,168021.10
Adi-Novel-6-P2_pri,67468.95,79129.63,64068.99,67238.99,78445.03,64383.74,69620.36,171870.37,168021.10
Adi-Novel-7_pri,1114.64,1165.10,1852.44,1205.08,1373.02,1037.33,1332.15,2251.32,3097.30
Adi-Novel-8_pri,269922.72,319075.26,302012.14,289005.01,274653.90,235865.64,348311.92,258249.90,163206.48
Adi-Novel-9_pri,590.56,636.49,511.02,618.53,632.18,413.12,546.31,1658.87,1655.98
Adi-Novel-10_pri,121.24,248.12,191.63,95.98,256.82,132.68,163.89,770.19,521.33
Adi-Novel-11_pri,567.10,258.91,958.16,202.62,113.60,135.70,109.26,1125.66,2085.31
Adi-Novel-12_pri,109.51,140.24,0,95.98,118.53,69.36,138.68,59.25,276.00
