Gene name,tentacle1_asp_SRR21878435,tentacle2_asp_SRR21878433,trunk1_asp_SRR21878434,trunk2_asp_SRR21878432
Asp-Mir-10_pri,717391.30,579513.88,828347.20,669256.21
Asp-Mir-2022-P1a_pri,0,1861.16,413.05,272.23
Asp-Mir-2022-P1b_pri,0,1861.16,413.05,272.23
Asp-Mir-2022-P1c_pri,0,1861.16,413.05,272.23
Asp-Mir-2023_pri,108695.65,12717.34,21537.74,15626.65
Asp-Mir-2025_pri,0,2475.38,1888.24,1596.80
Asp-Mir-2026-P1a_pri,0,12569.33,2006.25,10092.72
Asp-Mir-2026-P1b_pri,0,12569.33,2006.25,10092.72
Asp-Mir-2026-P2-v1_pri,0,817.73,0,231.60
Asp-Mir-2026-P2-v2_pri,0,1435.65,0,552.58
Asp-Mir-2028-P1_pri,0,299.71,118.01,186.90
Asp-Mir-2028-P2a_pri,0,5661.19,5546.70,3725.86
Asp-Mir-2028-P2b_pri,0,5661.19,5546.70,3725.86
Asp-Mir-2029_pri,0,1724.26,9441.20,1153.92
Asp-Mir-2030_pri,0,9871.94,236.03,1178.30
Asp-Mir-2036_pri,0,222.01,295.04,105.64
Asp-Mir-2037_pri,0,1735.36,1180.15,1316.44
Asp-Mir-2050_pri,0,1172.94,1534.19,654.16
Asp-Mir-9425_pri,0,59.20,708.09,1052.34
Asp-Novel-1-P1_pri,0,4876.77,2773.35,1706.50
Asp-Novel-1-P2_pri,0,1095.24,885.11,889.82
Asp-Novel-2-P1_pri,0,70.30,0.00,52.82
Asp-Novel-2-P2_pri,0,9464.92,6962.88,10113.04
Asp-Novel-2-P3_pri,0,16210.26,12627.60,5493.30
Asp-Novel-3_pri,0,7555.66,826.10,2356.59
Asp-Novel-4-P1_pri,0,88.80,0,0
Asp-Novel-4-P2_pri,0,88.80,0,0
Asp-Novel-4-P3_pri,0,88.80,0,0
Asp-Novel-5_pri,21739.13,1820.46,62311.91,1808.08
Asp-Novel-6_pri,0,2442.08,236.03,633.84
Asp-Novel-7_pri,0,85.10,0,178.78
