Gene name,foot-regenerating-head-2d_hvu_SRP011569,foot-regenerating-head-3d_hvu_SRP011569,foot-regenerating-head-3h_hvu_SRP011569,uncut-set_hvu_SRP011569
Hvu-Mir-2022_pri,20058.54,21604.90,34645.97,28646.52
Hvu-Mir-2030_pri,56429.27,48016.37,54591.62,55354.86
Hvu-Mir-3003-P1_pri,28982.11,24920.20,27563.09,24668.68
Hvu-Mir-3003-P2_pri,27186.99,27767.16,26159.88,21969.44
Hvu-Mir-3005_pri,30471.54,29763.74,13241.42,15373.53
Hvu-Mir-3007-v1_pri,132682.93,114075.85,138283.18,133835.98
Hvu-Mir-3007-v2_pri,132682.93,114075.85,138283.18,133835.98
Hvu-Mir-3010_pri,95694.31,114383.96,98313.92,77334.44
Hvu-Mir-3011_pri,4624.39,4116.39,7027.20,5936.31
Hvu-Mir-3012_pri,20097.56,18770.26,21482.50,21989.73
Hvu-Novel-1_pri,16468.29,16675.09,11693.43,13415.05
Hvu-Novel-2_pri,15011.38,14111.59,17306.28,14013.76
Hvu-Novel-3-v1_pri,18230.89,20471.04,63200.21,39007.16
Hvu-Novel-3-v2_pri,18230.89,20471.04,63200.21,39007.16
Hvu-Novel-4_pri,1437.40,1220.13,1425.48,1298.89
Hvu-Novel-5_pri,10165.85,9563.83,9833.62,8270.25
Hvu-Novel-6_pri,3063.41,3611.09,1358.67,4749.05
Hvu-Novel-7_pri,51492.68,51368.64,44156.63,46069.86
Hvu-Novel-8_pri,19531.71,18856.53,22585.03,17656.73
Hvu-Novel-9_pri,5001.63,5188.63,3797.58,3734.30
Hvu-Novel-10_pri,624.39,505.31,668.20,476.93
Hvu-Novel-11_pri,1632.52,948.99,1447.76,1664.20
Hvu-Novel-12_pri,461.79,295.79,490.01,355.16
Hvu-Novel-13_pri,325.20,283.46,189.32,71.03
Hvu-Novel-14_pri,468.29,382.06,356.37,507.38
Hvu-Novel-15_pri,494.31,566.93,423.19,375.46
