Gene name,adult-female_nve,adult-male_nve,blastula_nve,juvenile_nve,late-planula_nve,primary-polyp_nve
Nve-Mir-10_pri,395279.36,387954.29,144927.54,66808.81,13046.09,11331.12
Nve-Mir-2022_pri,4505.85,3362.04,18357.49,2890.31,130070.56,36134.74
Nve-Mir-2023_pri,219551.37,199836.44,104347.83,532843.72,9142.77,350938.18
Nve-Mir-2025_pri,18145.43,16211.76,19323.67,113274.90,74823.60,115692.64
Nve-Mir-2026_pri,69589.20,73823.99,62801.93,51093.74,44828.10,69158.23
Nve-Mir-2027_pri,53313.48,51680.87,119806.76,31509.12,95616.27,39860.57
Nve-Mir-2028_pri,14200.98,16691.16,23188.41,20374.32,47065.01,34963.22
Nve-Mir-2029_pri,42241.69,40090.74,79227.05,17784.10,131166.49,88497.95
Nve-Mir-2030_pri,22050.82,20908.60,160386.47,21495.70,217579.94,122193.63
Nve-Mir-2032-P1_pri,2719.13,6908.96,0,1863.70,195.17,259.27
Nve-Mir-2032-P2a_pri,5721.40,18649.48,1932.37,821.29,2387.03,1200.33
Nve-Mir-2032-P2b_pri,5721.40,18649.48,1932.37,821.29,2387.03,1200.33
Nve-Mir-2036_pri,8596.74,6968.49,7729.47,1421.46,11049.39,3802.65
Nve-Mir-2037_pri,2021.04,2365.65,1932.37,1911.08,1186.01,787.42
Nve-Mir-2042_pri,1606.09,3474.84,0.00,426.44,255.22,672.18
Nve-Mir-2043-P1_pri,2138.20,4095.24,10628.02,15.79,13181.20,6155.29
Nve-Mir-2043-P2a_pri,2138.20,4095.24,10628.02,15.79,13181.20,6155.29
Nve-Mir-2043-P2b_pri,2138.20,4095.24,10628.02,15.79,13181.20,6155.29
Nve-Mir-2045_pri,112.28,137.87,5797.10,537.00,690.59,499.34
Nve-Mir-2050_pri,102.52,125.33,0,268.50,195.17,604.97
Nve-Mir-2051_pri,1132.56,3108.25,0,126.35,90.08,144.04
Nve-Mir-9414_pri,522.35,542.06,6763.29,173.73,50232.70,17572.84
Nve-Mir-9421_pri,717.62,2152.59,0,0,45.04,9.60
Nve-Mir-9422_pri,1425.47,3703.58,0,0,0.00,38.41
Nve-Mir-9424-P1_pri,1030.05,2782.38,0,142.15,30.03,115.23
Nve-Mir-9424-P2_pri,629.74,2005.32,0,0,15.01,9.60
Nve-Mir-9425_pri,5340.62,5044.63,0,9997.63,1351.15,1949.34
Nve-Mir-9435_pri,297.79,636.06,0,0,0,0
Nve-Mir-9442-P1_pri,561.40,1572.92,0,0,0,0
Nve-Mir-9442-P2_pri,561.40,1572.92,0,0,0,0
