TRINITY_DN3769_c0_g1_i7.p1	366.7	12.38	876.8	1411592503	233	129	21	35.47	2808	31569
TRINITY_DN99_c0_g1_i2.p1	157.25	10.4	766.3	568793334	73	38	9	31.77	1064	61890
TRINITY_DN60847_c0_g1_i2.p1	111.31	11.46	822.7	885990622.9	36	22	21	19.82	1105	45937
TRINITY_DN570_c0_g2_i1.p1	109.48	15.89	1058.4	94934357.7	20	15	14	18.27	1062	43995
TRINITY_DN18147_c0_g1_i3.p1	83.33	10.91	813.5	153247301.2	25	22	1	14.37	1747	13183
TRINITY_DN3751_c0_g1_i1.p1	81.83	16.63	1125.1	169566321.5	19	16	14	15.69	1377	31481
TRINITY_DN2227_c0_g1_i1.p1	67.97	9.91	753.2	147898550.8	31	23	2	11.89	1942	17700
TRINITY_DN2870_c0_g1_i2.p1	67.66	13.28	1148.9	204485329.6	29	15	2	33.18	446	24104
TRINITY_DN64698_c0_g2_i1.p1	66.77	11.53	838.6	201305571.6	25	19	15	7.97	1380	47827
TRINITY_DN2984_c0_g1_i4.p1	63.81	11.72	805.2	136173185.8	28	22	1	8.92	2958	25112
TRINITY_DN2038_c0_g1_i2.p1	61.86	11.3	795.6	166713707.4	30	17	4	19.43	700	15672
TRINITY_DN377_c0_g1_i3.p1	58.66	7.76	633.3	127010629.7	25	17	4	11.61	1473	31662
TRINITY_DN2887_c0_g1_i7.p1	51.41	10.41	761	204393363.4	25	13	9	7.76	1610	24271
TRINITY_DN6024_c1_g1_i3.p1	46.06	10.34	792	372207306.7	30	16	12	11.09	1452	45639
TRINITY_DN25600_c0_g2_i2.p2	45.18	9.53	712.5	310061806.5	39	12	4	63.76	149	21036
TRINITY_DN20216_c1_g1_i2.p1	44.96	14.06	967.4	190627667.2	16	11	2	54.36	149	15522
TRINITY_DN6024_c0_g1_i2.p1	42.59	13.27	905.9	22394139.8	9	9	6	8.86	1083	45635
TRINITY_DN5469_c0_g1_i1.p1	42.05	9.76	708.6	272227691.8	29	17	6	39.1	376	42692
TRINITY_DN134_c0_g2_i1.p1	38.85	8.16	654.3	84735550.2	19	16	1	9.04	1792	7197
TRINITY_DN39201_c0_g1_i2.p1	37.71	7	615.3	41599704.1	13	10	2	20.44	641	32679
TRINITY_DN8848_c0_g1_i1.p1	36.63	16.57	1073.1	84954943.8	8	5	0	45.21	146	57835
TRINITY_DN10182_c0_g1_i1.p1	36.22	11.48	840.1	417996530.7	50	8	2	26.05	238	710
TRINITY_DN10073_c0_g1_i1.p1	34.76	9.84	717.1	58485396.9	11	9	1	42.31	182	288
TRINITY_DN8347_c0_g1_i4.p1	32.43	10.31	776.4	84554482.5	11	10	1	23.5	400	56204
TRINITY_DN980_c1_g1_i3.p1	31.67	9.61	735.9	200483574.8	19	11	8	6.94	1642	61347
TRINITY_DN36455_c0_g1_i3.p1	29.17	11.01	803.7	62960812.2	11	8	1	17.91	441	30606
TRINITY_DN2309_c1_g1_i1.p1	28.71	10.42	763.2	4631273.6	4	4	0	8.99	523	18552
TRINITY_DN19495_c1_g2_i2.p1	27.88	9.72	734.6	23096033.4	5	4	0	29.22	219	14751
TRINITY_DN5790_c0_g1_i14.p1	26.93	12.64	856.3	22058610.1	6	5	2	11.96	276	44409
TRINITY_DN5029_c0_g1_i8.p1	26.39	9.65	706.8	38415425	10	8	0	4.44	1869	39991
TRINITY_DN570_c0_g4_i1.p1	26.35	6.26	598.7	78250777.4	16	11	3	16.63	499	43999
TRINITY_DN15419_c0_g1_i13.p1	26.06	7.8	648.4	196145669.1	14	8	3	29.35	293	9861
TRINITY_DN492_c0_g1_i1.p1	25.86	7.9	736.3	70013849.2	10	7	0	10.62	546	39443
TRINITY_DN4630_c0_g1_i14.p1	24.75	9.38	733	287447632	29	8	2	43.84	219	37603
TRINITY_DN502_c0_g1_i3.p1	24.57	9.72	710.9	31545781.4	11	5	0	40.53	190	39992
TRINITY_DN7289_c0_g1_i5.p1	24.26	6.18	651.5	63027600.8	13	10	0	4.24	2146	51910
TRINITY_DN6883_c1_g1_i2.p1	23.5	7.64	648.4	45398897.1	12	11	0	3.55	3326	49994
TRINITY_DN1504_c0_g1_i2.p1	23.14	9.13	771.4	127960343.2	9	6	0	11.23	579	9397
TRINITY_DN5412_c0_g1_i4.p1	22.44	5.88	542.1	29532280	11	10	1	12.24	711	42361
TRINITY_DN10207_c0_g1_i1.p1	21.22	8.01	752.7	108251914.6	15	8	1	20.39	407	788
TRINITY_DN2436_c0_g1_i3.p1	20.62	10.64	757.8	50936848.6	15	13	1	22.68	507	19783
TRINITY_DN5715_c0_g1_i10.p1	20.57	8.64	650.9	67000166.3	15	11	1	8.65	1283	44018
TRINITY_DN2178_c0_g1_i9.p2	20.28	7.79	641.6	61374384	8	6	1	54.72	106	17196
TRINITY_DN26948_c0_g1_i2.p1	20.14	7.36	701.4	84813670.5	10	6	0	13.64	242	22395
TRINITY_DN5867_c0_g3_i1.p1	20.04	8.84	660.7	53132005.8	14	8	1	20.76	289	44818
TRINITY_DN28792_c0_g1_i1.p1	19.78	6.53	580.1	24691575.6	5	5	2	24.56	171	24173
TRINITY_DN246_c1_g1_i2.p2	19.74	4.58	559.3	74463983.4	18	6	0	48.15	108	20194
TRINITY_DN54326_c0_g1_i2.p1	19.62	6.79	592.5	34970635.2	8	7	1	10.74	661	42485
TRINITY_DN11748_c0_g1_i1.p1	19.14	10.91	794.6	14987336.1	4	3	0	6.56	518	4625
TRINITY_DN4382_c0_g1_i10.p1	18.09	6.15	579.3	30266546.6	7	5	0	21.75	285	35845
TRINITY_DN4124_c0_g2_i1.p1	17.92	8.8	683	16816041.7	4	3	1	10.17	413	34177
TRINITY_DN70742_c0_g1_i3.p1	17.56	12.38	863.3	104279425.8	6	4	1	23.48	115	50951
TRINITY_DN49056_c0_g1_i1.p2	17.46	10.79	785.8	316895828.5	11	3	1	20.12	169	39328
TRINITY_DN16950_c0_g1_i1.p1	17.03	9.91	739	34428411.9	6	6	0	15.26	380	11701
TRINITY_DN27972_c0_g1_i14.p1	16.95	9.46	717.7	20061380.7	10	6	2	30	190	23414
TRINITY_DN3994_c0_g1_i10.p1	16.69	11.65	824.2	10035976.9	4	2	0	14.41	236	33214
TRINITY_DN1513_c0_g1_i5.p1	16.66	5.98	527.2	69909328.8	15	12	0	11.96	970	9521
TRINITY_DN11290_c0_g1_i1.p1	16.6	6.66	616.9	49548922.7	14	7	1	36.82	201	3918
TRINITY_DN3014_c2_g1_i10.p1	16.53	8.79	654.5	92143043.5	8	5	0	15.14	317	25434
TRINITY_DN41_c0_g1_i1.p1	16.37	9.8	739.6	26120421	7	6	0	8.06	695	34647
TRINITY_DN10980_c0_g1_i3.p1	16.25	5.75	577.9	27511289.6	7	7	0	10.93	668	3257
TRINITY_DN2876_c0_g1_i7.p1	15.99	9.76	666.1	18399003.9	7	4	0	4.31	1136	24159
TRINITY_DN261_c0_g1_i4.p1	15.58	10.33	787.1	69656701.3	9	4	1	6.67	630	21648
TRINITY_DN68224_c0_g1_i1.p1	15.47	3.92	486	15454416.1	10	9	3	21.23	405	49670
TRINITY_DN724_c0_g1_i5.p2	15.18	9.91	777.7	9198679.4	4	4	2	27.81	151	51737
TRINITY_DN6241_c0_g2_i2.p1	14.64	9.76	710.6	13164029.8	5	3	0	31.08	148	46683
TRINITY_DN11187_c0_g2_i3.p1	14.2	5.55	601.6	53386322.5	16	8	1	25.89	282	3743
TRINITY_DN11579_c0_g1_i2.p1	13.77	4.1	424.6	117308547.7	13	9	1	27.99	343	4362
TRINITY_DN64006_c0_g1_i1.p1	13.74	6	562.5	73176322.5	12	5	2	27.78	162	47497
TRINITY_DN32375_c1_g1_i11.p1	13.7	8.01	688.2	60838758.2	5	4	0	15.24	269	27216
TRINITY_DN30599_c0_g1_i2.p1	13.68	7.79	644.6	16604657.2	5	4	1	2.71	1403	25797
TRINITY_DN3600_c0_g1_i11.p1	13.63	5.4	589.2	60328906.8	11	8	3	16.54	387	30314
TRINITY_DN4189_c0_g1_i2.p1	13.39	6.02	562.2	138238041.8	17	12	1	4.84	2539	34592
TRINITY_DN1722_c0_g1_i1.p1	13.37	13.36	916	7875742.2	2	1	0	5.67	282	12076
TRINITY_DN648_c1_g1_i1.p1	12.87	5.5	668	90217600.1	12	6	1	43.86	114	47906
TRINITY_DN1491_c0_g1_i1.p1	12.74	8.02	695.4	22525765.9	6	2	0	6.52	414	9234
TRINITY_DN598_c0_g1_i2.p1	12.72	9.36	701.1	28308743.5	6	5	0	14.85	357	45464
TRINITY_DN827_c0_g1_i15.p1	12.52	4.22	469.9	22284406.4	4	4	1	5.16	1008	55901
TRINITY_DN8257_c0_g1_i1.p1	12.35	5.31	598.2	7481413.5	6	4	1	40.74	135	55854
TRINITY_DN15430_c0_g1_i1.p1	12.29	6.02	537.9	14458210.7	4	3	0	13.71	248	9876
TRINITY_DN7696_c0_g1_i3.p1	12.22	5.92	602.1	64444451	9	6	2	14.56	371	53677
TRINITY_DN328_c1_g2_i2.p1	12.07	5.96	552.8	164437001.1	15	5	1	19.42	309	27711
TRINITY_DN51623_c0_g1_i1.p1	12.03	9.72	736	10465242.2	4	4	1	14.41	444	40885
TRINITY_DN2417_c0_g1_i1.p1	11.67	6.87	590.2	140413211	6	6	1	13.06	291	19599
TRINITY_DN23405_c1_g2_i2.p1	11.62	9.43	701.7	4157300.3	3	3	0	16.97	165	18851
TRINITY_DN3033_c0_g1_i4.p1	11.52	8.53	660.9	18275779	4	3	1	21.97	132	25600
TRINITY_DN5487_c0_g1_i3.p1	11.4	5.78	664.6	54615802.2	7	7	1	4	1300	42801
TRINITY_DN2668_c0_g2_i1.p1	11.15	8.21	666.4	65514071.1	5	5	0	9.06	541	22158
TRINITY_DN56331_c0_g1_i1.p1	11.11	9.59	809.1	149902177	23	4	1	7.33	191	43583
TRINITY_DN2428_c0_g2_i1.p1	11.07	4.84	571.5	49000599.6	7	6	1	14.08	426	19707
TRINITY_DN263_c2_g1_i5.p1	11.04	7.87	617.2	13954267.2	4	3	0	6.95	475	21849
TRINITY_DN1943_c0_g1_i24.p1	10.8	6.15	613.1	4917549.4	4	3	0	6.05	397	14674
TRINITY_DN9588_c0_g1_i1.p1	10.71	6.68	590.8	12846571.2	4	3	0	7.79	411	60605
TRINITY_DN4697_c1_g1_i2.p1	10.71	7.31	622.9	29642167.4	6	4	1	9.51	368	37962
TRINITY_DN3520_c2_g1_i1.p1	10.69	5.6	531.3	29661135.4	7	3	0	7.97	251	29619
TRINITY_DN7368_c0_g1_i17.p1	10.64	10.43	778	155114598.9	13	1	0	4.3	302	52278
TRINITY_DN46568_c0_g1_i1.p1	10.51	6.09	631.4	13059333.8	3	3	1	7.27	275	37733
TRINITY_DN51412_c0_g1_i2.p1	10.49	5.91	569.4	5368267.6	2	2	0	6.3	365	40774
TRINITY_DN4056_c0_g1_i3.p1	10.39	6.13	576.6	35841118.6	5	4	0	3.56	1125	33653
TRINITY_DN11012_c0_g1_i1.p1	10.11	4.1	585.7	32785924.6	6	5	0	3.79	1056	3381
TRINITY_DN3033_c1_g1_i1.p1	10.04	5.09	454.9	2317636.2	3	3	2	15.69	153	25604
TRINITY_DN1689_c0_g2_i1.p1	9.87	4.61	559.8	23226761.3	5	4	1	13.87	382	11633
TRINITY_DN35641_c0_g1_i1.p1	9.74	9.75	739.8	3679518.2	1	1	0	4.64	302	29953
TRINITY_DN41982_c0_g1_i1.p1	9.7	6.44	664.6	18718609.8	7	6	0	11.95	544	34639
TRINITY_DN2817_c1_g1_i3.p1	9.57	4.58	502.7	19466687	7	5	1	18.18	308	23615
TRINITY_DN3924_c0_g1_i11.p1	9.37	4.66	508.1	47784563	10	5	1	16.35	263	32705
TRINITY_DN1031_c0_g1_i7.p1	9.32	6.61	589	69325407.6	7	5	1	12.36	453	1190
TRINITY_DN7634_c0_g2_i4.p1	9.25	9.18	752.2	39305184.3	5	2	0	11.7	171	53464
TRINITY_DN2037_c0_g2_i1.p1	9.2	7.78	642.6	20277916.4	3	3	0	5.92	355	15665
TRINITY_DN10484_c0_g1_i1.p1	9.14	5.78	564.3	10297235.1	5	5	1	22.97	209	1630
TRINITY_DN3704_c0_g1_i15.p1	9.02	6.87	595.9	24142254.1	3	3	0	14.08	206	31112
TRINITY_DN41751_c1_g1_i1.p1	8.94	6.91	594.8	7876544.9	2	2	0	6.28	366	34499
TRINITY_DN35252_c0_g1_i1.p1	8.88	4.67	508.8	46907603.3	6	5	1	20.71	367	29646
TRINITY_DN4164_c0_g2_i1.p1	8.87	6.8	728.9	18255582.9	6	5	0	6.49	539	34436
TRINITY_DN17295_c1_g1_i1.p1	8.85	8.76	659.4	7504653.4	4	4	0	12.57	342	12190
TRINITY_DN4279_c0_g1_i1.p1	8.77	7.91	607.8	3661837.5	2	2	0	1.7	1297	35153
TRINITY_DN5248_c0_g2_i3.p1	8.54	5.43	511.3	5003433.6	3	3	1	2.16	880	41357
TRINITY_DN4554_c0_g1_i6.p1	8.47	8.44	741.5	2659704.4	3	1	0	3.4	265	37107
TRINITY_DN6389_c0_g1_i1.p1	8.41	7	691.6	17811836.8	5	4	0	6.72	580	47427
TRINITY_DN8112_c0_g1_i20.p1	8.3	4.85	579.9	57506447.9	10	5	1	47	100	55423
TRINITY_DN292_c0_g1_i10.p1	8.11	5.1	580.8	22848037.2	3	3	0	12.69	197	24623
TRINITY_DN420_c0_g1_i10.p1	8.08	4.61	585.9	74486635.4	7	5	0	7.2	653	34716
TRINITY_DN3214_c0_g2_i5.p3	8.03	4.07	445.7	48935483.8	6	5	3	14.88	168	27047
TRINITY_DN21906_c0_g2_i4.p1	8	7.37	612.5	46112269	7	2	0	17.44	172	17334
TRINITY_DN59303_c0_g1_i1.p1	7.84	7.78	648.5	17804341.2	3	3	0	21.62	148	45164
TRINITY_DN9315_c0_g1_i3.p1	7.83	2.7	524.7	37732820.5	9	7	1	11.69	462	59666
TRINITY_DN7658_c0_g1_i1.p1	7.8	7.8	637.1	1359147.9	1	1	0	7.43	148	53577
TRINITY_DN1712_c0_g1_i1.p1	7.73	4.96	613.9	11686280.5	2	2	0	6.02	332	11932
TRINITY_DN846_c0_g1_i1.p1	7.47	4	575.3	138001319.2	9	3	0	12.23	278	56658
TRINITY_DN2941_c0_g1_i1.p1	7.45	6.57	600.8	16024832	3	2	0	9.39	213	24718
TRINITY_DN4180_c0_g1_i2.p1	7.39	5.84	554.3	2539993.7	3	2	0	5.81	499	34531
TRINITY_DN8297_c0_g1_i1.p1	7.34	5.96	554.3	2923523	2	2	1	2.93	888	55998
TRINITY_DN245_c0_g1_i13.p1	7.27	3.44	597.7	97945304.3	6	6	1	9.48	485	20082
TRINITY_DN9573_c0_g1_i13.p1	7.26	5.55	597.3	39734569.7	5	3	0	12.22	270	60539
TRINITY_DN18094_c0_g1_i1.p1	7.22	5.28	427.7	7137833.3	4	4	0	7.59	514	13114
TRINITY_DN2863_c0_g1_i1.p1	7.21	6.39	631.1	5700270.6	3	3	0	11.93	285	24062
TRINITY_DN30976_c0_g1_i5.p1	7.16	3.56	532.3	21365349	7	5	2	7.77	373	26043
TRINITY_DN1685_c0_g1_i1.p1	7.15	5.12	485.4	10791134.7	2	2	0	3.28	519	11602
TRINITY_DN75568_c0_g1_i1.p1	7.09	5.62	553.9	17825830.9	2	2	1	3.35	358	53130
TRINITY_DN79721_c0_g1_i1.p1	7.06	7.06	645.5	1333808.1	1	1	0	11.43	105	54839
TRINITY_DN11907_c0_g1_i3.p1	7.05	4.33	554.4	47057292.8	7	4	0	16.99	153	4885
TRINITY_DN5461_c0_g1_i1.p1	6.87	1.74	437.3	19759987.3	9	7	1	19.76	334	42652
TRINITY_DN8071_c0_g1_i3.p1	6.8	5.54	514.1	6156057.6	4	3	1	11.74	247	55268
TRINITY_DN7071_c1_g4_i1.p1	6.78	6.27	572.1	14666437.6	4	3	0	4.46	650	50948
TRINITY_DN5399_c0_g1_i5.p1	6.76	6.77	602	6870966.2	1	1	0	2.76	434	42270
TRINITY_DN107833_c0_g1_i1.p2	6.69	6.69	713.2	28183139.3	1	1	0	8.08	99	2593
TRINITY_DN1770_c0_g1_i11.p1	6.44	5.51	470.3	5377547.2	3	2	0	6.97	330	12671
TRINITY_DN8307_c0_g2_i1.p1	6.41	3.34	508.2	3492994.6	2	2	0	11.83	186	56058
TRINITY_DN14205_c0_g1_i1.p1	6.34	6.35	633.8	4528591.8	1	1	0	6.47	170	8332
TRINITY_DN4082_c0_g1_i14.p1	6.26	4.55	533.7	40615931.4	4	3	0	5.31	471	33886
TRINITY_DN10851_c0_g1_i2.p1	6.24	3.95	390	7600694.7	3	3	0	7.83	383	2852
TRINITY_DN14331_c0_g1_i1.p1	6.19	2.34	567.5	53574499.1	5	5	1	16.87	249	8489
TRINITY_DN15317_c0_g1_i3.p1	6.1	6.02	570.1	6635812.1	4	3	1	8.16	392	9726
TRINITY_DN32237_c0_g1_i5.p1	6.08	6.09	624.8	2451315.5	1	1	0	2.12	424	27119
TRINITY_DN67248_c0_g1_i2.p1	6.07	3.08	542.8	12683036.1	2	2	0	10.73	177	49204
TRINITY_DN246_c0_g2_i1.p1	5.99	3.15	496	19721550.4	4	4	1	23.35	167	20190
TRINITY_DN1649_c4_g1_i1.p1	5.96	5.96	550.1	1315508.7	1	1	0	8.12	160	11227
TRINITY_DN4924_c0_g1_i11.p1	5.92	5.87	529.5	2551999	2	2	0	9.79	286	39400
TRINITY_DN6561_c2_g1_i4.p1	5.87	2.41	381.6	63223202.7	10	8	1	17.14	455	48358
TRINITY_DN66999_c0_g1_i1.p1	5.81	3.37	447.1	9428716.1	3	3	0	11.43	210	49074
TRINITY_DN25600_c0_g1_i3.p1	5.67	5.65	582	10020907.7	3	1	0	6.67	150	21034
TRINITY_DN9725_c1_g1_i3.p1	5.47	5.5	480.2	679403.6	1	1	0	1.31	1071	61073
TRINITY_DN11432_c0_g1_i1.p1	5.46	5.46	493.7	425360.1	1	1	0	7.73	194	4123
TRINITY_DN34749_c0_g1_i1.p1	5.43	5.44	451.7	545700.7	1	1	0	4.71	340	29188
TRINITY_DN102095_c0_g1_i1.p1	5.41	4.19	642.8	10366615.9	3	2	0	12.67	150	793
TRINITY_DN5554_c0_g1_i2.p1	5.39	3.24	472.5	68567944.6	7	6	1	10.27	448	43117
TRINITY_DN9890_c0_g1_i1.p1	5.35	5.36	510.5	827396.1	1	1	1	7.36	231	61552
TRINITY_DN21208_c0_g1_i1.p1	5.23	5.25	497.6	591745.8	1	1	0	1.66	785	16638
TRINITY_DN1399_c0_g1_i1.p1	5.18	2.5	436.7	23865253.5	5	3	0	7.85	242	8009
TRINITY_DN656_c0_g1_i1.p1	5.17	2.93	445.1	27025247.2	4	3	1	17.41	201	48398
TRINITY_DN27513_c0_g1_i1.p1	5.13	5.13	652.3	231474056.5	3	2	0	1.76	967	22960
TRINITY_DN6629_c0_g1_i2.p1	5.12	5.14	564.8	4162088.7	1	1	0	1.93	622	48692
TRINITY_DN11163_c0_g1_i1.p1	5.08	4.05	578	35346181.9	6	5	0	5.73	925	3695
TRINITY_DN68421_c0_g1_i1.p1	5.05	5.05	612	1110284.4	1	1	0	6.37	157	49773
TRINITY_DN7923_c0_g1_i1.p2	4.95	4.95	661.2	4155448.9	1	1	0	10.1	99	54634
TRINITY_DN271_c0_g1_i13.p1	4.87	4.6	565.5	6083670.7	2	2	0	9.83	173	22646
TRINITY_DN4382_c0_g1_i17.p1	4.84	2.61	484.8	8121015.7	2	2	0	4.71	361	35848
TRINITY_DN6883_c0_g1_i1.p1	4.8	4.81	562.2	11686553.2	1	1	0	3.55	310	49992
TRINITY_DN60864_c0_g1_i1.p1	4.79	1.67	499.3	26659590	5	3	0	16.77	155	45943
TRINITY_DN329_c0_g1_i14.p1	4.74	2.76	373.2	3150922.3	2	2	1	6.92	390	27797
TRINITY_DN47372_c0_g1_i10.p1	4.72	1.74	410	22851160.3	6	5	1	13.68	307	38243
TRINITY_DN10537_c0_g1_i2.p1	4.69	2.21	442.4	73757524.5	7	7	0	5.82	825	1754
TRINITY_DN7547_c0_g1_i1.p1	4.59	1.99	461.9	101334993.4	10	8	2	3.39	1977	53112
TRINITY_DN1796_c0_g1_i12.p1	4.57	2.52	469.8	8908561.5	4	3	0	5.32	658	12972
TRINITY_DN5807_c0_g1_i2.p1	4.55	2.57	566	25032395.9	4	4	0	3.87	595	44524
TRINITY_DN44334_c0_g1_i1.p1	4.53	4.53	536.8	2422746.1	1	1	0	5.26	228	36233
TRINITY_DN25937_c0_g1_i13.p1	4.47	4.45	519.8	4757291.8	2	1	0	7.3	137	21356
TRINITY_DN687_c1_g1_i3.p2	4.35	4.35	523.7	6717112.7	2	2	0	13.79	116	49975
TRINITY_DN10301_c0_g1_i3.p1	4.21	2.36	539.2	22057141.5	3	2	0	3.02	497	1148
TRINITY_DN697_c0_g1_i4.p1	4	2.3	479.1	15982346	4	2	0	6.67	300	50478
TRINITY_DN10840_c0_g1_i1.p1	4	3.68	418.6	2925962	3	2	0	5.28	492	2824
TRINITY_DN3611_c0_g1_i1.p1	3.86	2.37	408.9	8989188.7	3	2	0	5.57	377	30384
TRINITY_DN5167_c0_g1_i1.p1	3.75	3.76	422.3	2574007.8	2	1	0	4.55	330	40930
TRINITY_DN3087_c0_g1_i1.p1	3.59	1.98	379.1	31076982.2	7	3	1	3.19	596	25999
TRINITY_DN14625_c0_g2_i1.p1	3.58	3.58	401.7	303801.7	1	1	0	5.81	172	8871
TRINITY_DN48421_c0_g1_i1.p1	3.57	1.82	413.3	15190440.6	5	4	0	22.09	163	38946
TRINITY_DN11200_c0_g1_i13.p3	3.38	3.39	321.6	240550.7	1	1	0	6.41	234	3775
TRINITY_DN20198_c0_g1_i1.p1	3.38	1.67	381.7	21509100.1	4	4	1	6.42	561	15481
TRINITY_DN4009_c0_g1_i10.p2	3.35	2.19	379.3	5774952.9	4	3	0	7.35	449	33335
TRINITY_DN6329_c0_g1_i1.p1	3.31	3.33	504.7	4199471.8	1	1	0	1.51	661	47106
TRINITY_DN198_c0_g1_i1.p1	3.31	3.17	493	179435234.7	8	3	2	4.41	499	15191
TRINITY_DN1164_c0_g1_i12.p1	3.29	3.3	448.5	283337.7	1	1	0	5.17	174	4494
TRINITY_DN10319_c0_g1_i1.p1	3.29	3.29	573.8	1120988.9	1	1	0	7.51	173	1183
TRINITY_DN16272_c0_g1_i2.p1	3.28	3.28	369.9	5322702.8	2	2	0	4.42	249	10931
TRINITY_DN11251_c0_g1_i1.p1	3.24	3.25	462.8	2545475.6	2	2	0	4.58	502	3846
TRINITY_DN3274_c0_g1_i6.p1	3.22	2.35	492	12818650.3	4	3	0	9.17	360	27576
TRINITY_DN2154_c0_g1_i11.p1	3.15	3.16	548.2	6948985.8	1	1	0	2.02	446	16974
TRINITY_DN10314_c0_g1_i3.p1	3.14	3.13	477.9	3645282.6	2	1	0	9.48	116	1172
TRINITY_DN56015_c0_g1_i1.p2	3.14	2.48	466.5	3589851.7	3	2	0	15.49	142	43371
TRINITY_DN4577_c0_g1_i15.p1	3.12	3.13	425.3	729533.8	1	1	0	3.36	417	37249
TRINITY_DN9573_c0_g1_i10.p1	3.11	3.12	596.6	1413120.3	1	1	0	6.39	219	60537
TRINITY_DN23456_c0_g1_i1.p1	3.08	3.08	504.2	3885331.7	1	1	0	7.24	152	18904
TRINITY_DN5031_c0_g1_i2.p1	3.07	1.66	405	8412814.3	3	3	1	5.44	588	40012
TRINITY_DN10934_c0_g1_i1.p1	3.05	3.05	502.4	1834758.6	1	1	0	3.1	258	3104
TRINITY_DN10133_c2_g1_i1.p1	2.97	1.55	421.9	20733665.2	3	3	0	6.43	373	521
TRINITY_DN31103_c0_g1_i2.p1	2.96	2.97	491.4	2089202	1	1	0	4.98	221	26171
TRINITY_DN46660_c0_g1_i1.p1	2.95	2.96	523.7	5569407.1	1	1	1	10.58	104	37808
TRINITY_DN2234_c0_g1_i1.p1	2.94	2.94	524.2	20832305	2	1	0	5.68	176	17764
TRINITY_DN42621_c0_g1_i1.p1	2.88	1.63	426.4	13857875.5	5	3	1	16.07	224	35052
TRINITY_DN3190_c0_g1_i6.p1	2.88	2.86	509.5	32146825.4	3	2	0	12.08	149	26816
TRINITY_DN26452_c2_g1_i1.p1	2.86	2.76	460	12470999.5	3	3	1	6.16	292	21903
TRINITY_DN800_c0_g1_i7.p1	2.85	1.66	401.3	16055935.9	2	2	0	7.35	136	55040
TRINITY_DN106391_c0_g1_i1.p1	2.82	1.2	429.2	109924351.8	9	6	0	24.62	130	2092
TRINITY_DN344_c1_g1_i4.p1	2.81	2.66	349.7	10709337.7	4	4	0	3.53	849	29034
TRINITY_DN1513_c0_g1_i7.p1	2.8	2.82	434.2	3504712.6	2	1	0	2.01	747	9523
TRINITY_DN69308_c0_g1_i1.p1	2.76	2.76	481.2	21433399.4	1	1	0	8.26	109	50276
TRINITY_DN121_c0_g1_i2.p2	2.69	2.66	458.5	10644985.6	3	1	0	4.18	239	5324
TRINITY_DN10485_c0_g1_i1.p1	2.67	2.67	497	12500079.4	1	1	0	8	150	1634
TRINITY_DN507_c0_g1_i17.p1	2.6	2.54	307.1	4927851.4	3	2	0	2.39	877	40290
TRINITY_DN1935_c0_g1_i2.p1	2.57	2.58	482.3	3065733.5	1	1	0	2.94	340	14577
TRINITY_DN566_c0_g1_i19.p1	2.53	1.36	455.3	42130811.2	5	5	0	14.49	352	43792
TRINITY_DN1469_c0_g1_i1.p1	2.53	2.56	541.2	10321488.8	3	2	0	0.69	2029	8979
TRINITY_DN70518_c0_g1_i1.p1	2.51	2.51	457.6	2865525.6	2	2	0	16.02	206	50855
TRINITY_DN4436_c0_g1_i1.p1	2.5	2.51	407.7	1923549	1	1	0	2.96	405	36247
TRINITY_DN28933_c0_g4_i3.p2	2.5	2.5	409.9	1776077.6	1	1	0	5.91	186	24315
TRINITY_DN4445_c0_g2_i1.p2	2.49	2.5	503.7	1780479.9	1	1	0	4.35	207	36299
TRINITY_DN9006_c0_g1_i2.p1	2.48	2.49	548.1	672412	1	1	0	4.07	270	58539
TRINITY_DN102648_c0_g1_i1.p1	2.47	2.47	403.6	9391774.6	1	1	1	7.8	141	1004
TRINITY_DN3894_c0_g3_i1.p1	2.44	2.4	403.9	4778285.2	2	2	0	4.82	560	32517
TRINITY_DN8235_c0_g1_i1.p1	2.42	2.43	487.2	4774963.2	2	2	0	5.52	290	55790
TRINITY_DN5092_c0_g1_i3.p1	2.4	2.39	448.5	19051259.7	2	1	0	6.52	138	40394
TRINITY_DN3040_c0_g2_i1.p1	2.38	2.36	348	3683916.6	2	1	0	7.14	112	25648
TRINITY_DN2674_c0_g2_i7.p1	2.36	2.4	494.9	679003.3	1	1	0	0.55	1829	22215
TRINITY_DN6882_c0_g1_i1.p1	2.34	2.35	475.9	3726529.9	1	1	0	4.18	263	49986
TRINITY_DN26283_c0_g1_i2.p1	2.31	2.13	383.8	294716068.8	12	1	0	0.87	1034	21722
TRINITY_DN72628_c0_g1_i1.p1	2.27	1.43	394.5	2416749	2	2	1	12.18	156	51787
TRINITY_DN168_c1_g1_i1.p1	2.25	2.17	434.1	13638141.5	6	4	0	11.41	368	11653
TRINITY_DN22686_c0_g1_i1.p1	2.2	1.68	401.1	25318378.2	3	3	1	22.83	368	18137
TRINITY_DN678_c1_g1_i1.p1	2.18	2.17	459.6	9400416.5	2	1	0	2.79	323	49472
TRINITY_DN5052_c0_g1_i1.p1	2.17	2.18	445.7	7134336.7	1	1	0	4.89	184	40126
TRINITY_DN108201_c0_g1_i1.p1	2.16	2.16	382	8807104.5	2	2	1	15.97	119	2720
TRINITY_DN12475_c0_g1_i1.p1	2.13	2.13	426.7	2662573.3	1	1	0	5.77	156	5704
TRINITY_DN1434_c0_g1_i2.p1	2.11	1.57	390	16954682.1	5	2	0	4.9	449	8513
TRINITY_DN5142_c0_g1_i1.p1	2.1	2.09	396.8	11026837.6	3	2	1	7.17	293	40783
TRINITY_DN112_c2_g1_i1.p1	2.1	2.11	509	2039725.2	1	1	1	9.85	203	3954
TRINITY_DN44558_c0_g3_i1.p1	2.1	1.61	365.5	27469971.8	3	2	0	12.16	148	36368
TRINITY_DN53273_c0_g1_i1.p2	2.09	2.1	438	3050746.3	1	1	0	5.88	136	41858
TRINITY_DN23444_c0_g1_i1.p1	2.06	1.17	446.4	35979274.4	3	3	0	5.44	496	18894
TRINITY_DN47584_c0_g1_i1.p1	2.05	1.94	397.3	91473241	6	2	1	7.14	182	38367
TRINITY_DN32375_c1_g1_i5.p1	2	1.93	464.6	6608809.9	2	2	0	12.44	209	27221
TRINITY_DN292_c0_g1_i16.p1	1.98	1.99	390.6	2137145.2	1	1	0	5.73	157	24625
TRINITY_DN28402_c0_g1_i1.p1	1.97	1.96	512.4	5167887.7	2	2	0	12.88	132	23860
TRINITY_DN10136_c0_g2_i1.p1	1.95	1.96	405.2	855469.1	1	1	1	10.53	114	540
TRINITY_DN1992_c0_g1_i1.p1	1.95	1.95	325.7	2786156.3	2	1	0	3.56	421	15218
TRINITY_DN35764_c0_g1_i9.p1	1.93	1.84	390.6	70938202.7	24	2	1	2.71	591	30091
TRINITY_DN6494_c0_g1_i1.p1	1.93	1.95	412.5	2918120.9	1	1	0	1.29	773	47933
TRINITY_DN4573_c0_g1_i2.p2	1.93	1.53	480.1	10416198.3	3	2	0	8.61	151	37226
TRINITY_DN25259_c0_g1_i13.p1	1.91	1.91	409	45599621.1	3	3	0	14.29	182	20730
TRINITY_DN15370_c0_g1_i3.p1	1.9	1.91	526.3	8296760.1	3	2	0	4.04	396	9809
TRINITY_DN8899_c0_g1_i2.p2	1.9	1.89	366.3	15180398	2	1	0	4.69	213	58054
TRINITY_DN54574_c0_g1_i1.p1	1.9	1.9	453	4671005	1	1	0	7.69	143	42633
TRINITY_DN7600_c0_g1_i2.p1	1.89	1.9	480.9	4427346.1	2	1	0	2.76	398	53325
TRINITY_DN89589_c0_g1_i1.p1	1.87	1.87	408.8	1989963.1	2	1	0	3.45	203	58330
TRINITY_DN910_c0_g1_i2.p1	1.85	1.89	625.7	6332696.2	3	3	0	1.53	1696	59001
TRINITY_DN1716_c0_g1_i1.p5	1.82	1.82	412.7	16387194.3	2	1	0	4.91	163	11979
TRINITY_DN41691_c0_g1_i3.p1	1.8	1.83	401	720552.6	1	1	0	0.84	1184	34460
TRINITY_DN108017_c0_g1_i1.p2	1.8	1.68	355.2	173847112.4	8	1	0	6.16	146	2660
TRINITY_DN3950_c0_g1_i6.p1	1.8	1.73	309.7	35575592.7	7	1	0	3.64	330	32922
TRINITY_DN68189_c0_g1_i1.p1	1.78	1.67	390.4	11099929	3	2	0	6.91	246	49640
TRINITY_DN509_c0_g1_i6.p1	1.78	1.79	427.1	4339956.8	1	1	0	2.18	459	40450
TRINITY_DN21001_c0_g1_i4.p1	1.78	1.78	435.3	6824860.3	2	2	1	2.35	341	16394
TRINITY_DN13212_c0_g1_i11.p2	1.75	1.75	387.4	945393.5	1	1	0	6.58	243	6769
TRINITY_DN20865_c0_g2_i1.p1	1.74	1.67	345.4	8447365.1	2	2	0	15.08	179	16216
TRINITY_DN629_c0_g1_i4.p1	1.74	1.69	425.1	11526711.3	2	2	0	12.43	185	46998
TRINITY_DN16632_c0_g1_i1.p1	1.74	1.67	429.4	6595561	2	2	0	10.74	149	11377
TRINITY_DN70379_c0_g1_i1.p1	1.71	1.69	373.2	6677974.1	2	1	0	8.57	140	50783
TRINITY_DN530_c2_g1_i19.p1	1.7	1.68	451.1	23885009.9	6	3	1	2.68	1341	41769
TRINITY_DN2428_c0_g2_i2.p1	1.7	1.71	401.2	424283.4	1	1	0	2.13	423	19708
TRINITY_DN7908_c0_g1_i1.p1	1.69	1.64	480.7	62770064.9	6	3	2	5.57	323	54596
TRINITY_DN1572_c4_g1_i4.p1	1.69	1.72	399.8	3124447.5	1	1	0	0.94	955	10254
TRINITY_DN10103_c0_g1_i7.p1	1.68	1.65	498.6	117174362.5	11	5	2	1.36	1833	396
TRINITY_DN245_c0_g1_i44.p1	1.67	1.69	535.9	3337056.6	1	1	0	1.99	452	20088
TRINITY_DN56412_c0_g1_i2.p2	1.67	1.66	331.3	4565798.8	2	1	0	7.1	155	43647
TRINITY_DN34_c0_g2_i1.p1	1.67	1.67	352.2	1202533.9	1	1	0	7.75	142	29435
TRINITY_DN17515_c0_g2_i2.p1	1.66	1.62	399.5	20828860.9	2	2	0	1.59	692	12456
TRINITY_DN6016_c0_g1_i2.p1	1.66	1.66	419.4	3724404.5	1	1	0	5.18	193	45591
TRINITY_DN11509_c1_g1_i2.p1	1.66	1.66	411.5	1846005.1	1	1	0	6.9	116	4232
TRINITY_DN10229_c0_g2_i2.p1	1.65	1.66	322.8	3490164.9	1	1	0	7.26	179	872
TRINITY_DN45442_c0_g1_i1.p1	1.64	1.65	383.1	1393654.1	1	1	0	4.17	264	37017
TRINITY_DN50702_c1_g1_i1.p2	1.64	1.64	308.7	944611.7	1	1	0	5.52	145	40243
TRINITY_DN24232_c0_g1_i1.p1	1.63	1.63	331.2	1133900.5	1	1	0	7.76	116	19663
TRINITY_DN28652_c0_g1_i1.p1	1.62	1.62	361.8	63016287.9	1	1	0	6.82	176	24077
TRINITY_DN211_c0_g1_i12.p1	1.61	1.62	405	3432536.6	1	1	0	2.22	451	16618
TRINITY_DN32605_c0_g1_i1.p1	1.61	1.61	367.2	1953862.1	1	1	1	7.27	165	27428
TRINITY_DN38145_c0_g1_i2.p1	1.59	1.6	342.6	5330743.6	1	1	0	2.91	378	31932
TRINITY_DN34787_c0_g1_i1.p1	1.59	1.59	433.6	6819107.6	1	1	0	2.92	240	29218
TRINITY_DN9152_c0_g1_i3.p1	1.58	1.49	372.5	26785048.7	6	1	0	2.28	351	59162
TRINITY_DN71_c0_g1_i2.p1	1.58	1.63	324.2	752764.5	1	1	0	0.54	2231	51496
TRINITY_DN10600_c0_g1_i2.p1	1.57	1.58	352.6	397094781.7	4	2	0	2.58	737	1931
TRINITY_DN62306_c0_g1_i1.p1	1.56	1.57	373.1	1122851.2	1	1	0	7.56	119	46636
TRINITY_DN4183_c0_g1_i14.p2	1.56	1.56	344.1	2907372.4	1	1	0	6.08	148	34548
TRINITY_DN12956_c0_g1_i1.p1	1.56	1.56	384.1	7474467.3	1	1	0	6.9	116	6458
TRINITY_DN7231_c0_g1_i1.p1	1.55	1.56	444.8	1711540.6	1	1	0	2.8	429	51630
TRINITY_DN10028_c0_g1_i1.p1	1.55	1.55	398.7	12042107.5	2	2	0	3.59	306	80
TRINITY_DN95494_c0_g1_i1.p2	1.54	1.54	377.5	8290854.8	2	2	1	6.25	128	60443
TRINITY_DN334_c0_g1_i1.p1	1.54	1.56	349.2	1689394.6	1	1	0	1.63	615	28159
TRINITY_DN934_c0_g1_i4.p1	1.53	1.43	331	4069338.8	2	2	0	8.13	209	59745
TRINITY_DN4706_c0_g1_i3.p1	1.52	1.53	365.6	9701594.9	1	1	1	3.54	226	38041
TRINITY_DN13571_c0_g1_i3.p1	1.5	1.5	410.9	4220033.9	1	1	0	6.84	117	7285
TRINITY_DN107186_c0_g1_i1.p1	1.49	1.21	353.8	2243676527	19	2	1	6.49	154	2376
TRINITY_DN62312_c0_g2_i1.p1	1.48	1.48	386.2	1437949.4	1	1	0	5.96	151	46637
TRINITY_DN194_c0_g3_i1.p1	1.47	1.48	378.4	3632044.7	1	1	0	2.36	423	14772
TRINITY_DN3520_c1_g1_i1.p1	1.46	1.47	424.3	7253706.2	2	2	0	4.94	506	29616
TRINITY_DN6992_c0_g1_i2.p1	1.44	1.45	359.8	228884.6	1	1	0	3.28	244	50529
TRINITY_DN2982_c0_g2_i1.p1	1.44	1.43	431.6	4644669.7	2	1	0	3.89	180	25090
TRINITY_DN56104_c0_g1_i3.p1	1.43	1.43	307.9	31150251.3	1	1	0	7.84	102	43439
TRINITY_DN1461_c2_g1_i1.p1	1.43	1.43	435.7	9988196.4	2	2	0	4.78	293	8864
TRINITY_DN21001_c0_g1_i5.p1	1.43	1.43	324.9	10865242.8	1	1	0	2.69	297	16395
TRINITY_DN3036_c0_g1_i1.p1	1.42	1.42	401.7	5167982.5	1	1	0	3.62	221	25623
TRINITY_DN2651_c0_g1_i1.p1	1.41	1.42	383	6586762.5	1	1	0	3.31	302	21997
TRINITY_DN83368_c0_g1_i1.p1	1.39	1.39	357.6	8978778.9	1	1	0	3.38	237	56158
TRINITY_DN2536_c1_g1_i2.p1	1.38	1.39	379.6	9068471.6	1	1	0	2.18	412	20826
TRINITY_DN1751_c0_g1_i3.p1	1.38	1.39	350.5	4349199.3	2	1	1	1.11	1083	12462
TRINITY_DN3865_c0_g1_i4.p1	1.37	1.38	309.2	317311.7	1	1	0	6.74	193	32313
TRINITY_DN56583_c0_g1_i1.p1	1.36	1.36	398.4	2801985.3	1	1	0	7.63	118	43725
TRINITY_DN6094_c0_g1_i2.p1	1.34	1.34	414.9	10632011.8	1	1	0	3.17	252	45978
TRINITY_DN17744_c0_g1_i2.p1	1.3	1.29	478.5	26696429.4	2	1	0	2.01	398	12696
TRINITY_DN23589_c1_g1_i1.p1	1.25	1.26	365.1	3209404.1	1	1	0	2.5	360	18997
TRINITY_DN1983_c1_g1_i2.p1	1.21	1.21	412	1947785.4	1	1	0	3.23	248	15153
TRINITY_DN43166_c0_g2_i4.p1	1.07	0.89	489.5	297821779.7	14	4	2	3.32	603	35423
TRINITY_DN878_c0_g2_i3.p1	1.05	1.03	352.8	12091607.3	2	2	1	4.89	348	57689
TRINITY_DN1874_c0_g1_i11.p2	1.05	0.82	389.8	8232829.8	2	2	0	7.84	153	13906
TRINITY_DN1563_c0_g1_i2.p1	1.05	0.81	431.7	16612892.3	4	2	0	3.98	452	10157
TRINITY_DN2555_c0_g1_i7.p1	1.02	1.03	441.3	2821862.7	2	1	0	2.93	273	21004
TRINITY_DN5980_c0_g1_i1.p1	0.98	0.95	322.7	136083565.4	9	4	0	5.79	1002	45419
TRINITY_DN27235_c0_g1_i1.p1	0.95	0.98	333.7	5060625.9	2	2	0	2.27	1188	22702
TRINITY_DN2091_c0_g1_i1.p1	0.95	0.96	481.5	3291827.5	1	1	0	2.73	256	16282
TRINITY_DN10136_c0_g3_i1.p2	0.95	0.93	441.3	10063164.6	2	1	0	6.2	129	541
TRINITY_DN27_c0_g1_i1.p1	0.94	0.95	303.5	5446972.4	1	1	0	4.21	214	23443
TRINITY_DN31246_c0_g1_i4.p1	0.94	0.94	500	5748689.4	1	1	0	4.88	164	26278
TRINITY_DN107729_c0_g1_i1.p1	0.93	0.93	351.9	893564.5	1	1	0	5.88	153	2561
TRINITY_DN8396_c0_g1_i1.p1	0.93	0.91	289.9	75069616	3	1	0	2.71	369	56407
TRINITY_DN31096_c0_g1_i3.p1	0.92	0.6	365	27138736.3	2	2	0	9.74	154	26155
TRINITY_DN53645_c0_g1_i1.p1	0.92	0.93	303.8	3446821.3	2	2	0	4.6	457	42026
TRINITY_DN12086_c0_g1_i2.p1	0.92	0.08	370.1	1614701641	49	2	2	1.93	414	5105
TRINITY_DN3769_c0_g1_i7.p1	435.31	10.68	806.50	4979191368.5	497	223	93	44.23	2808	31569
TRINITY_DN99_c0_g1_i2.p1	129.77	12.84	903.40	824533316.0	108	43	17	35.53	1064	61890
TRINITY_DN2984_c0_g1_i4.p1	57.08	8.45	717.60	222404864.4	49	26	5	10.21	2958	25112
TRINITY_DN377_c0_g1_i3.p1	56.66	7.27	642.80	146351657.5	35	23	9	16.90	1473	31662
TRINITY_DN2870_c0_g1_i2.p1	56.12	12.92	924.30	342469620.5	33	19	3	34.08	446	24104
TRINITY_DN2227_c0_g1_i1.p1	49.07	8.13	681.00	278422619.9	45	26	9	11.84	1942	17700
TRINITY_DN5469_c0_g1_i1.p1	45.45	9.16	838.10	886122469.1	62	19	8	40.69	376	42692
TRINITY_DN60847_c0_g1_i2.p1	40.23	9.01	737.40	102039468.0	13	10	9	7.87	1105	45937
TRINITY_DN39201_c0_g1_i2.p1	37.16	8.13	664.00	59030591.6	16	11	4	19.19	641	32679
TRINITY_DN2887_c0_g1_i7.p1	36.00	10.92	808.00	41592161.6	13	8	7	5.28	1610	24271
TRINITY_DN5412_c0_g1_i4.p1	35.70	5.02	575.90	303703012.1	54	27	11	27.00	711	42361
TRINITY_DN16950_c0_g1_i1.p1	34.36	10.77	840.80	124238544.7	27	10	3	31.84	380	11701
TRINITY_DN10182_c0_g1_i1.p1	33.48	11.16	800.10	744261640.9	95	10	5	31.51	238	710
TRINITY_DN6024_c1_g1_i3.p1	32.20	11.53	865.80	206479227.2	20	16	13	8.33	1452	45639
TRINITY_DN10207_c0_g1_i1.p1	27.82	6.15	622.60	112911153.5	23	12	2	28.01	407	788
TRINITY_DN420_c0_g1_i13.p1	26.77	12.65	911.80	107883900.3	21	12	3	16.23	653	34717
TRINITY_DN382_c0_g1_i1.p1	26.09	5.29	507.80	130554709.0	19	14	7	14.29	875	32046
TRINITY_DN15317_c0_g1_i3.p1	26.02	10.41	844.20	54697661.9	18	11	3	23.21	392	9726
TRINITY_DN18147_c0_g1_i3.p1	25.69	8.19	660.30	117943355.1	20	12	5	6.07	1747	13183
TRINITY_DN41_c0_g1_i1.p1	24.85	8.20	679.50	33510015.1	11	9	4	11.37	695	34647
TRINITY_DN1031_c0_g1_i7.p1	24.74	5.12	519.80	172953062.4	20	13	5	20.97	453	1190
TRINITY_DN246_c1_g1_i1.p3	24.71	6.25	623.00	422435141.5	67	7	2	50.48	103	20192
TRINITY_DN6629_c0_g1_i2.p1	24.23	6.38	609.50	40014295.8	14	11	3	15.59	622	48692
TRINITY_DN49056_c0_g1_i1.p2	23.49	10.74	758.20	1300031509.2	21	5	3	33.14	169	39328
TRINITY_DN36455_c0_g1_i3.p1	23.39	9.12	757.40	30945107.9	7	7	0	14.06	441	30606
TRINITY_DN648_c1_g1_i1.p1	21.99	7.62	715.30	385955577.7	31	7	1	57.02	114	47906
TRINITY_DN4630_c0_g1_i14.p1	21.04	11.16	818.70	479238850.8	42	8	4	24.20	219	37603
TRINITY_DN9629_c0_g1_i11.p1	20.92	6.65	657.30	102305008.3	30	10	6	21.01	476	60755
TRINITY_DN9315_c0_g1_i3.p1	20.56	7.02	693.30	171346154.9	18	9	2	16.45	462	59666
TRINITY_DN6389_c0_g1_i1.p1	20.21	5.10	630.10	53348192.9	18	12	3	17.59	580	47427
TRINITY_DN3751_c0_g1_i1.p1	19.63	9.75	772.30	71279613.3	5	5	3	2.76	1377	31481
TRINITY_DN4279_c0_g1_i1.p1	19.16	3.42	489.60	98282087.5	17	15	3	10.02	1297	35153
TRINITY_DN2436_c0_g1_i3.p1	19.06	5.40	566.00	43619873.7	22	13	1	22.29	507	19783
TRINITY_DN570_c0_g2_i1.p1	18.98	7.91	682.90	27550434.2	5	4	3	4.05	1062	43995
TRINITY_DN18094_c0_g1_i1.p1	18.94	9.16	738.40	125480678.2	13	10	3	16.54	514	13114
TRINITY_DN261_c0_g1_i4.p1	18.87	10.55	810.40	32796454.1	4	3	0	5.24	630	21648
TRINITY_DN323_c0_g1_i5.p1	18.37	5.14	542.50	29250789.4	7	7	1	8.89	855	27257
TRINITY_DN4382_c0_g1_i10.p1	18.22	7.19	602.60	53631433.0	8	7	3	16.49	285	35845
TRINITY_DN5715_c0_g1_i16.p1	18.10	7.65	683.00	108944947.8	13	8	2	6.42	1340	44019
TRINITY_DN11579_c0_g1_i2.p1	17.59	8.62	706.40	40582021.8	10	7	1	19.53	343	4362
TRINITY_DN13319_c0_g1_i2.p1	17.44	8.05	656.70	29752556.3	6	5	0	22.43	214	6908
TRINITY_DN2876_c0_g1_i7.p1	17.41	7.68	680.50	71896318.5	14	10	2	8.01	1136	24159
TRINITY_DN25259_c0_g1_i3.p1	15.73	11.97	903.30	51935033.8	5	4	0	13.59	206	20734
TRINITY_DN11012_c0_g1_i1.p1	15.64	4.30	519.30	42833370.1	10	7	3	7.20	1056	3381
TRINITY_DN54326_c0_g1_i2.p1	15.51	4.93	604.80	50914005.9	13	10	4	13.77	661	42485
TRINITY_DN70742_c0_g1_i3.p1	14.93	5.14	616.30	407128429.6	14	9	3	48.70	115	50951
TRINITY_DN32375_c1_g1_i10.p1	14.83	6.04	541.80	95153703.2	9	7	3	27.91	172	27215
TRINITY_DN21906_c1_g1_i1.p1	14.71	7.19	608.30	87840238.7	14	5	0	13.04	299	17336
TRINITY_DN5248_c0_g2_i3.p1	14.64	4.81	504.40	50138623.0	16	11	3	11.14	880	41357
TRINITY_DN1203_c0_g1_i1.p1	14.29	5.02	514.50	30771421.4	14	13	6	6.41	1888	5056
TRINITY_DN64698_c0_g2_i1.p1	14.23	7.46	686.40	91617211.4	9	7	5	4.13	1380	47827
TRINITY_DN1504_c0_g1_i2.p1	14.17	5.07	526.70	44648542.2	12	9	3	14.51	579	9397
TRINITY_DN25600_c0_g2_i2.p2	13.76	7.14	622.30	19834366.7	6	4	1	25.50	149	21036
TRINITY_DN51412_c0_g1_i2.p1	13.71	3.71	525.90	52764979.1	15	11	3	21.64	365	40774
TRINITY_DN6024_c0_g1_i2.p1	13.51	8.58	733.20	12683527.7	3	3	3	3.23	1083	45635
TRINITY_DN934_c0_g1_i4.p1	13.47	5.26	567.60	103946785.8	10	7	4	29.66	209	59745
TRINITY_DN8899_c0_g1_i2.p2	13.37	6.05	581.90	53759602.6	9	7	5	29.11	213	58054
TRINITY_DN10314_c0_g1_i4.p1	13.36	7.63	735.00	19954815.5	5	4	0	29.29	140	1173
TRINITY_DN3033_c0_g1_i4.p1	13.07	7.14	625.70	182644350.1	20	6	2	34.09	132	25600
TRINITY_DN3994_c0_g1_i1.p1	12.98	4.16	559.40	150710061.8	12	5	0	22.84	197	33213
TRINITY_DN26452_c2_g1_i1.p1	12.95	5.02	575.70	112376725.1	14	8	1	26.37	292	21903
TRINITY_DN3161_c0_g1_i1.p1	12.80	4.27	503.60	20849210.8	9	5	1	25.49	204	26555
TRINITY_DN32740_c0_g1_i1.p1	12.60	3.48	498.60	194437159.3	16	6	2	15.69	357	27567
TRINITY_DN2428_c0_g2_i1.p1	12.48	3.74	505.40	43764370.1	11	8	2	14.08	426	19707
TRINITY_DN5707_c1_g1_i15.p1	12.37	8.77	736.90	24948225.2	7	4	0	9.56	387	43978
TRINITY_DN2790_c0_g4_i1.p1	12.28	4.87	490.60	30351478.3	11	8	1	19.89	377	23345
TRINITY_DN3600_c0_g1_i11.p1	12.10	3.46	500.90	43253431.3	14	9	4	18.35	387	30314
TRINITY_DN263_c2_g1_i5.p1	11.98	3.07	457.90	27962112.9	14	6	1	16.00	475	21849
TRINITY_DN198_c0_g1_i1.p1	11.86	3.63	541.70	126092688.2	11	7	2	12.02	499	15191
TRINITY_DN30976_c0_g1_i5.p1	11.60	4.82	629.30	56867181.5	10	6	3	9.92	373	26043
TRINITY_DN4448_c0_g1_i20.p1	11.56	7.17	642.10	14045884.0	8	6	4	23.98	221	36317
TRINITY_DN10537_c0_g1_i2.p1	11.53	5.06	542.20	116222971.7	8	7	2	6.06	825	1754
TRINITY_DN7368_c0_g1_i17.p1	11.50	10.62	828.40	480379702.9	47	2	0	6.29	302	52278
TRINITY_DN880_c0_g1_i11.p1	11.41	3.66	423.60	42505538.5	9	7	3	6.35	960	57739
TRINITY_DN44334_c0_g1_i1.p1	11.13	7.26	620.70	18505118.1	4	3	1	11.40	228	36233
TRINITY_DN334_c0_g1_i9.p1	11.12	2.80	461.50	41526912.0	16	11	1	10.71	747	28164
TRINITY_DN980_c1_g1_i3.p1	10.85	3.54	513.40	229642158.3	14	9	5	4.51	1642	61347
TRINITY_DN11251_c0_g1_i1.p1	10.72	3.15	489.80	341895817.4	16	8	2	13.35	502	3846
TRINITY_DN12311_c0_g1_i2.p1	10.70	3.09	430.50	41578952.9	11	9	4	8.46	863	5482
TRINITY_DN4056_c0_g1_i3.p1	10.65	5.27	577.00	19470017.9	7	5	1	5.24	1125	33653
TRINITY_DN8112_c0_g1_i20.p1	10.26	3.97	544.60	64668796.2	14	5	3	42.00	100	55423
TRINITY_DN9142_c0_g1_i1.p1	10.26	4.49	472.60	236284266.0	11	6	3	34.75	118	59113
TRINITY_DN4180_c0_g1_i2.p1	10.12	3.92	553.50	74056063.4	8	8	1	13.43	499	34531
TRINITY_DN3033_c1_g1_i1.p1	10.02	8.01	652.80	27347086.4	7	4	4	25.49	153	25604
TRINITY_DN23405_c1_g2_i2.p1	9.69	4.96	531.20	22420631.0	22	6	4	23.64	165	18851
TRINITY_DN5790_c0_g1_i14.p1	9.50	4.81	529.90	7220781.5	3	3	1	11.96	276	44409
TRINITY_DN3569_c0_g1_i1.p1	8.95	3.31	486.90	78189298.5	10	9	3	9.32	933	29999
TRINITY_DN5167_c0_g1_i1.p1	8.80	3.19	487.70	3775717.8	6	4	0	13.33	330	40930
TRINITY_DN11748_c0_g1_i1.p1	8.79	7.53	656.10	10838563.7	3	3	1	8.69	518	4625
TRINITY_DN4009_c0_g1_i10.p2	8.65	4.57	550.00	37509557.2	6	6	1	12.69	449	33335
TRINITY_DN31023_c0_g2_i3.p1	8.62	4.98	539.10	8783458.4	4	3	0	11.36	317	26083
TRINITY_DN20924_c0_g1_i2.p1	8.55	5.38	565.90	5895496.2	4	2	0	19.18	146	16290
TRINITY_DN44558_c0_g3_i1.p1	8.48	4.99	531.10	46226806.5	8	6	1	22.30	148	36368
TRINITY_DN14_c0_g1_i1.p1	8.44	3.91	478.20	44409921.3	7	7	4	14.40	500	9317
TRINITY_DN939_c0_g1_i1.p1	8.21	3.66	403.90	12580922.8	5	4	1	26.67	150	59838
TRINITY_DN168_c1_g1_i1.p1	8.15	2.90	393.00	54260545.7	17	7	3	16.85	368	11653
TRINITY_DN14629_c0_g1_i1.p1	8.14	2.54	414.40	86066326.5	13	10	4	4.74	1645	8873
TRINITY_DN15098_c1_g1_i3.p1	8.13	4.10	539.90	8028287.7	4	3	0	10.34	261	9440
TRINITY_DN9625_c0_g1_i1.p1	8.12	3.79	430.90	9090882.4	5	4	1	9.46	539	60734
TRINITY_DN8855_c1_g3_i1.p1	8.03	8.04	663.70	3228274.8	1	1	1	4.03	397	57860
TRINITY_DN100611_c0_g1_i1.p1	7.93	4.22	540.30	29118882.8	7	5	0	18.52	216	252
TRINITY_DN1631_c1_g2_i1.p1	7.91	3.88	465.60	33657959.6	7	6	0	7.11	760	11012
TRINITY_DN566_c0_g1_i4.p1	7.76	2.73	397.80	70884454.5	13	8	1	25.35	217	43794
TRINITY_DN7430_c0_g1_i2.p1	7.59	4.90	510.10	16005549.0	4	4	2	4.01	674	52621
TRINITY_DN97608_c0_g1_i1.p2	7.54	4.32	483.70	2856692.3	2	2	0	23.76	101	61207
TRINITY_DN5487_c0_g1_i3.p1	7.49	3.27	444.20	106023700.7	12	8	4	4.15	1300	42801
TRINITY_DN56015_c0_g1_i1.p2	7.43	4.37	579.00	10960674.2	3	2	0	15.49	142	43371
TRINITY_DN28792_c0_g1_i1.p1	7.43	5.50	593.10	45025931.2	8	7	4	31.58	171	24173
TRINITY_DN1796_c0_g1_i6.p1	7.39	3.26	484.00	20838129.2	5	3	0	4.78	648	12976
TRINITY_DN8257_c0_g1_i1.p1	7.37	6.15	595.40	7405503.9	6	3	3	20.00	135	55854
TRINITY_DN134_c0_g2_i1.p1	7.35	2.90	404.60	82774215.5	16	13	3	6.08	1792	7197
TRINITY_DN6047_c0_g1_i2.p1	7.28	3.46	434.80	22045997.9	10	6	1	23.14	242	45751
TRINITY_DN5029_c0_g1_i8.p1	7.26	1.95	452.20	12696805.4	10	9	1	4.23	1869	39991
TRINITY_DN2863_c0_g1_i1.p1	7.21	7.20	658.70	5825499.3	2	1	0	7.02	285	24062
TRINITY_DN6326_c0_g1_i2.p1	7.19	3.01	471.00	67703121.9	8	7	3	11.05	552	47095
TRINITY_DN51623_c0_g1_i4.p1	7.18	3.52	408.70	16387166.7	7	4	0	4.90	817	40888
TRINITY_DN8297_c0_g1_i1.p1	7.10	7.12	609.90	7554265.3	2	2	0	3.04	888	55998
TRINITY_DN246_c0_g2_i1.p1	7.06	4.02	535.80	38152053.7	7	3	0	14.97	167	20190
TRINITY_DN15419_c0_g1_i1.p1	7.05	4.71	632.10	51630796.8	4	4	3	15.02	293	9858
TRINITY_DN4944_c0_g2_i2.p1	7.01	6.17	582.60	17058679.7	5	4	0	5.52	706	39527
TRINITY_DN111_c0_g1_i4.p1	6.99	6.99	631.50	15922331.9	2	2	1	9.70	299	3770
TRINITY_DN2592_c1_g2_i4.p1	6.94	6.87	613.40	34822276.0	3	2	1	14.75	122	21352
TRINITY_DN5867_c0_g3_i1.p1	6.93	3.45	530.40	16135935.1	6	5	4	11.76	289	44818
TRINITY_DN1996_c0_g1_i11.p1	6.86	6.81	611.20	1902131.9	2	2	0	13.79	174	15247
TRINITY_DN5031_c0_g1_i2.p1	6.82	4.78	592.40	21588725.2	6	6	1	11.05	588	40012
TRINITY_DN4051_c0_g1_i2.p1	6.75	6.77	637.00	1486407.3	1	1	0	2.69	558	33611
TRINITY_DN12185_c0_g1_i15.p1	6.65	3.83	545.60	13440516.9	5	4	0	14.98	227	5297
TRINITY_DN10229_c0_g2_i2.p1	6.62	3.30	407.80	4668998.6	7	5	0	22.90	179	872
TRINITY_DN10073_c0_g1_i1.p1	6.53	5.69	598.90	6339804.3	3	2	1	12.64	182	288
TRINITY_DN4356_c0_g1_i5.p1	6.53	3.19	500.00	12181470.9	3	3	1	8.22	353	35661
TRINITY_DN10319_c0_g1_i1.p1	6.35	3.82	479.40	9526470.4	3	2	1	15.61	173	1183
TRINITY_DN59275_c0_g1_i1.p1	6.31	3.87	501.60	16792097.0	4	4	1	11.60	319	45146
TRINITY_DN507_c0_g1_i17.p1	6.31	3.16	458.60	8028835.5	3	3	0	3.42	877	40290
TRINITY_DN10423_c0_g1_i6.p1	6.19	2.47	478.90	162932509.3	14	9	2	8.30	879	1457
TRINITY_DN2463_c0_g1_i2.p1	6.04	3.19	488.90	14392525.6	3	3	1	5.35	561	20107
TRINITY_DN728_c0_g1_i2.p1	6.00	4.03	437.10	145195297.4	16	10	4	17.88	453	51916
TRINITY_DN3214_c0_g2_i5.p3	5.97	3.32	479.30	111206060.0	9	4	4	12.50	168	27047
TRINITY_DN106333_c0_g1_i1.p1	5.76	2.52	383.50	19906930.0	6	4	1	36.45	107	2069
TRINITY_DN7472_c0_g1_i10.p1	5.72	3.79	386.20	8011426.0	3	2	0	7.90	367	52793
TRINITY_DN34778_c0_g2_i1.p1	5.71	3.76	498.30	6051663.2	3	2	0	11.32	159	29214
TRINITY_DN4189_c0_g1_i2.p1	5.69	3.69	489.80	52482757.7	7	7	1	2.48	2539	34592
TRINITY_DN6484_c0_g2_i1.p1	5.68	5.10	580.40	13105819.4	2	2	0	11.11	189	47885
TRINITY_DN70842_c0_g1_i1.p1	5.57	4.53	466.60	17407448.7	2	2	0	26.26	99	50989
TRINITY_DN73019_c0_g1_i6.p1	5.54	2.92	487.50	19866809.7	5	3	2	18.64	177	51984
TRINITY_DN2037_c0_g2_i1.p1	5.52	4.79	597.90	7646586.2	3	3	0	10.70	355	15665
TRINITY_DN328_c1_g2_i2.p1	5.51	5.34	566.50	9167598.1	7	3	1	11.97	309	27711
TRINITY_DN2342_c0_g1_i3.p1	5.49	2.77	398.40	24011222.0	5	5	1	18.55	221	18880
TRINITY_DN566_c0_g1_i19.p1	5.49	3.63	415.10	76854517.7	8	6	2	13.64	352	43792
TRINITY_DN2417_c0_g1_i1.p1	5.47	4.76	544.70	15068618.1	3	2	1	7.22	291	19599
TRINITY_DN10028_c0_g1_i1.p1	5.46	2.91	428.00	36828938.7	5	4	1	12.09	306	80
TRINITY_DN53273_c0_g1_i1.p2	5.42	3.75	522.80	11790708.2	3	2	1	15.44	136	41858
TRINITY_DN22857_c0_g3_i2.p2	5.38	5.34	574.80	8267649.7	3	1	0	9.84	122	18322
TRINITY_DN52357_c1_g1_i7.p1	5.32	4.24	555.40	8648245.5	5	4	2	10.42	384	41282
TRINITY_DN414_c0_g1_i2.p1	5.26	1.82	428.20	36290537.1	6	4	1	16.67	186	34335
TRINITY_DN17357_c0_g1_i3.p1	5.26	4.91	494.40	40401227.2	7	5	2	4.39	843	12271
TRINITY_DN47372_c0_g1_i10.p1	5.22	2.87	456.30	62528350.9	9	5	1	12.70	307	38243
TRINITY_DN2835_c0_g1_i5.p1	5.16	3.92	478.70	39472329.3	6	4	0	14.58	288	23808
TRINITY_DN9243_c0_g1_i2.p1	5.16	3.33	418.50	26336994.6	5	5	1	19.08	283	59470
TRINITY_DN68189_c0_g1_i1.p1	5.10	2.87	429.70	9969662.5	3	2	0	7.32	246	49640
TRINITY_DN8482_c0_g1_i1.p1	5.05	1.88	393.50	43014046.2	8	7	1	10.70	486	56726
TRINITY_DN827_c0_g1_i15.p1	5.04	3.15	445.00	3749535.0	2	2	2	2.18	1008	55901
TRINITY_DN5614_c0_g4_i2.p2	5.03	4.92	545.20	14816743.9	3	2	1	5.01	439	43472
TRINITY_DN4577_c0_g1_i15.p1	5.03	4.98	493.10	4160445.0	4	1	0	3.36	417	37249
TRINITY_DN6147_c0_g1_i1.p1	5.02	5.03	567.60	976407.3	1	1	0	7.69	221	46239
TRINITY_DN4382_c0_g1_i17.p1	4.91	2.79	426.20	49221445.9	9	4	1	6.93	361	35848
TRINITY_DN20242_c0_g1_i4.p1	4.90	3.88	493.10	4805570.3	2	2	1	7.17	265	15534
TRINITY_DN21440_c0_g1_i2.p1	4.88	4.84	574.90	9690790.2	2	2	1	6.87	335	16878
TRINITY_DN11763_c0_g1_i1.p1	4.88	3.79	497.60	52086753.8	8	2	0	10.00	190	4654
TRINITY_DN71_c0_g1_i2.p1	4.86	3.87	431.50	17389005.2	4	4	1	1.79	2231	51496
TRINITY_DN1767_c0_g1_i2.p3	4.84	2.89	482.10	39546995.9	6	4	1	22.64	159	12631
TRINITY_DN1943_c0_g1_i24.p1	4.83	2.63	448.90	4653947.7	3	3	2	5.79	397	14674
TRINITY_DN3582_c0_g1_i1.p1	4.83	4.85	525.80	1914269.4	1	1	1	2.72	588	30178
TRINITY_DN5399_c0_g1_i5.p1	4.83	3.04	482.30	37220223.1	9	7	2	14.06	434	42270
TRINITY_DN11770_c0_g2_i6.p1	4.81	3.77	439.70	27392946.0	4	3	1	19.38	227	4664
TRINITY_DN878_c0_g2_i3.p1	4.77	3.48	468.80	24807232.0	4	3	1	7.18	348	57689
TRINITY_DN3642_c0_g1_i15.p1	4.76	4.48	543.40	14110231.5	5	3	1	17.72	158	30579
TRINITY_DN329_c0_g1_i19.p1	4.70	2.75	421.50	36177978.3	4	3	1	5.89	492	27799
TRINITY_DN34749_c0_g1_i1.p1	4.69	4.63	496.60	9307524.1	3	3	2	7.06	340	29188
TRINITY_DN73398_c0_g1_i1.p1	4.68	2.47	492.20	10579281.1	2	2	0	7.34	354	52102
TRINITY_DN1101_c0_g1_i5.p1	4.67	2.71	471.90	12458399.0	4	4	0	4.87	781	3403
TRINITY_DN4559_c0_g1_i3.p1	4.66	3.68	501.40	7329010.3	2	2	0	2.88	626	37136
TRINITY_DN27523_c0_g2_i1.p1	4.64	2.45	439.30	86994973.2	6	3	1	14.96	127	22976
TRINITY_DN40278_c0_g1_i1.p1	4.61	4.54	494.70	35042323.2	3	3	1	14.19	155	33476
TRINITY_DN13862_c0_g1_i1.p1	4.61	2.38	446.50	44420971.3	5	4	1	12.86	280	7787
TRINITY_DN4115_c0_g1_i2.p1	4.58	4.60	555.80	949724.3	1	1	0	3.28	396	34095
TRINITY_DN245_c0_g1_i16.p1	4.58	1.98	481.90	61905853.8	13	8	2	12.35	486	20083
TRINITY_DN11163_c0_g1_i1.p1	4.55	3.28	420.50	33011255.0	11	8	2	7.78	925	3695
TRINITY_DN35252_c0_g1_i1.p1	4.54	1.85	385.90	93331817.8	10	6	4	14.71	367	29646
TRINITY_DN71749_c0_g1_i1.p1	4.53	4.36	468.40	6302208.7	2	2	0	11.17	188	51388
TRINITY_DN17582_c0_g1_i4.p1	4.52	2.51	384.20	3991294.9	3	2	0	4.12	655	12546
TRINITY_DN22734_c0_g1_i4.p1	4.51	4.47	385.20	14002196.2	3	3	2	10.81	333	18189
TRINITY_DN7122_c0_g1_i1.p1	4.51	3.69	484.10	6171371.1	4	3	0	7.82	358	51205
TRINITY_DN36973_c0_g1_i1.p1	4.50	1.99	398.30	30858096.9	9	5	0	19.80	197	31020
TRINITY_DN8071_c0_g1_i2.p1	4.50	4.37	532.10	34863950.4	8	2	1	4.22	308	55267
TRINITY_DN691_c0_g1_i3.p1	4.49	3.92	532.50	32043711.4	3	3	2	2.69	1041	50203
TRINITY_DN6910_c0_g1_i2.p1	4.48	4.45	497.10	7158186.0	3	1	0	2.95	373	50169
TRINITY_DN5094_c0_g1_i1.p1	4.48	4.32	513.20	2904148.9	2	2	1	5.25	533	40412
TRINITY_DN21208_c0_g1_i1.p1	4.48	3.09	457.50	59216409.5	9	5	2	4.97	785	16638
TRINITY_DN2403_c0_g1_i3.p1	4.47	4.48	478.30	1040546.1	1	1	1	5.51	272	19446
TRINITY_DN106391_c0_g1_i1.p1	4.45	2.02	480.80	211845694.3	24	8	2	35.38	130	2092
TRINITY_DN19489_c0_g3_i1.p1	4.42	3.04	401.00	33015630.5	5	4	2	8.03	498	14735
TRINITY_DN10485_c0_g1_i1.p1	4.42	4.36	595.30	12429595.9	2	2	0	14.00	150	1634
TRINITY_DN9588_c0_g1_i1.p1	4.40	2.96	512.10	47927959.9	7	4	0	8.03	411	60605
TRINITY_DN9580_c0_g1_i1.p2	4.36	3.32	516.80	28477511.5	4	2	2	10.50	181	60570
TRINITY_DN7617_c0_g2_i2.p1	4.33	1.69	340.80	3076546.2	3	3	0	11.28	328	53391
TRINITY_DN64148_c0_g1_i2.p1	4.31	3.32	520.40	5311500.9	4	3	1	7.47	455	47590
TRINITY_DN1935_c0_g1_i2.p1	4.30	3.04	446.40	13085441.7	2	2	0	6.18	340	14577
TRINITY_DN952_c0_g2_i1.p1	4.27	4.28	451.30	2286674.1	1	1	1	5.54	307	60366
TRINITY_DN382_c0_g1_i4.p1	4.27	4.28	509.30	1853081.8	1	1	1	4.73	275	32052
TRINITY_DN5807_c0_g1_i2.p1	4.27	4.15	519.70	7127854.7	5	3	1	5.88	595	44524
TRINITY_DN2393_c0_g2_i2.p1	4.27	4.21	507.90	38657951.6	2	2	0	3.23	496	19366
TRINITY_DN1157_c0_g1_i1.p1	4.26	3.23	458.80	18295211.9	4	4	0	7.51	426	4366
TRINITY_DN23456_c0_g1_i1.p1	4.26	4.27	534.70	1271455.0	1	1	0	8.55	152	18904
TRINITY_DN14383_c0_g1_i12.p1	4.23	4.04	574.10	128786253.4	8	4	2	7.36	639	8573
TRINITY_DN12800_c0_g1_i4.p1	4.23	3.49	455.40	6053408.3	3	2	0	11.59	164	6216
TRINITY_DN13209_c0_g2_i1.p1	4.22	4.20	539.70	17565232.9	2	1	0	4.88	205	6764
TRINITY_DN4082_c0_g1_i14.p1	4.17	3.14	449.00	32958413.2	3	2	1	3.82	471	33886
TRINITY_DN45682_c0_g2_i1.p1	4.13	3.74	671.90	14693147.4	5	5	0	8.07	533	37182
TRINITY_DN10980_c0_g1_i3.p1	4.12	3.41	465.60	60214707.1	10	4	0	4.94	668	3257
TRINITY_DN30122_c0_g1_i1.p1	4.01	4.02	405.10	775062.0	1	1	0	11.86	118	25417
TRINITY_DN2336_c0_g1_i14.p1	4.00	4.01	504.60	939717.8	1	1	0	5.73	192	18793
TRINITY_DN107172_c0_g1_i1.p1	3.99	3.58	500.80	30845419.2	8	6	1	19.20	250	2367
TRINITY_DN72_c0_g1_i10.p1	3.95	2.96	382.20	3434082.5	2	2	1	4.14	580	51956
TRINITY_DN31103_c0_g1_i2.p1	3.94	1.57	407.00	46249162.4	7	5	1	18.55	221	26171
TRINITY_DN6516_c0_g1_i15.p1	3.94	3.94	389.90	282571.4	1	1	1	5.97	201	48092
TRINITY_DN8_c0_g1_i10.p1	3.89	3.84	465.90	19837191.9	9	7	3	5.66	1342	58511
TRINITY_DN6658_c0_g1_i1.p1	3.88	3.58	556.00	3172519.6	2	2	0	3.92	510	48843
TRINITY_DN11376_c0_g1_i1.p1	3.85	3.66	442.80	4390235.4	4	3	1	7.79	231	4038
TRINITY_DN64006_c0_g1_i1.p1	3.83	2.57	382.10	28613785.6	5	4	1	18.52	162	47497
TRINITY_DN3569_c0_g1_i20.p1	3.81	3.81	405.40	1583720.8	3	2	1	3.67	873	30000
TRINITY_DN4985_c0_g1_i1.p1	3.77	3.77	565.00	2797977.4	1	1	0	4.23	213	39782
TRINITY_DN1621_c0_g1_i1.p1	3.75	3.79	483.20	5881619.1	1	1	0	0.92	1091	10863
TRINITY_DN755_c1_g2_i1.p1	3.73	3.13	502.40	7939969.6	4	3	2	16.50	200	53144
TRINITY_DN19495_c1_g2_i2.p1	3.68	3.64	454.50	2402408.0	2	2	0	14.16	219	14751
TRINITY_DN16272_c0_g1_i2.p1	3.60	3.21	388.60	26399788.7	6	2	0	6.83	249	10931
TRINITY_DN2668_c0_g2_i1.p1	3.59	2.49	387.30	30838151.3	4	4	0	6.47	541	22158
TRINITY_DN643_c1_g1_i1.p1	3.59	2.45	416.40	11535306.4	4	3	1	5.26	551	47713
TRINITY_DN10136_c0_g2_i1.p1	3.59	2.90	425.50	32444941.5	4	3	2	17.54	114	540
TRINITY_DN27090_c0_g1_i1.p1	3.57	3.54	374.70	5833507.0	3	1	1	7.77	193	22566
TRINITY_DN991_c0_g1_i2.p1	3.56	3.33	476.30	9373876.8	3	3	1	10.19	265	61650
TRINITY_DN328_c0_g2_i1.p1	3.53	2.31	376.50	22982695.0	5	3	0	7.86	280	27710
TRINITY_DN8347_c0_g1_i3.p2	3.52	3.03	458.50	11081171.6	3	3	1	7.03	256	56203
TRINITY_DN8513_c0_g2_i1.p1	3.49	3.01	427.10	8852963.6	3	3	1	11.83	186	56856
TRINITY_DN2524_c0_g1_i11.p1	3.48	3.39	493.10	26455324.4	4	3	0	3.45	638	20719
TRINITY_DN32237_c0_g1_i3.p1	3.48	3.49	405.40	2374638.2	1	1	0	6.19	194	27116
TRINITY_DN31246_c0_g1_i4.p1	3.43	3.32	474.20	1659289.3	2	2	1	16.46	164	26278
TRINITY_DN19950_c0_g1_i1.p2	3.39	2.39	448.30	69861511.0	9	5	1	13.01	269	15233
TRINITY_DN4956_c0_g1_i12.p1	3.37	3.38	535.70	1776863.4	1	1	0	3.70	270	39609
TRINITY_DN3569_c0_g1_i8.p1	3.37	3.41	546.00	2073915.0	1	1	0	1.40	931	30001
TRINITY_DN8151_c0_g1_i2.p1	3.37	3.37	443.20	2441401.9	2	2	2	5.08	295	55540
TRINITY_DN581_c0_g1_i1.p1	3.35	2.12	422.70	61446878.5	9	6	2	10.37	617	44607
TRINITY_DN1565_c0_g1_i10.p1	3.35	3.36	489.00	2892027.1	1	1	0	4.89	327	10175
TRINITY_DN1513_c0_g1_i7.p1	3.33	2.55	470.80	44134501.0	5	5	1	6.69	747	9523
TRINITY_DN5461_c0_g1_i1.p1	3.30	1.71	421.50	50367011.0	9	4	2	9.28	334	42652
TRINITY_DN10789_c0_g1_i3.p1	3.28	1.75	424.10	10893849.1	4	3	2	5.84	565	2610
TRINITY_DN7438_c0_g1_i3.p1	3.26	2.18	348.00	6248412.4	4	4	1	9.92	524	52654
TRINITY_DN2106_c0_g2_i1.p1	3.25	3.28	446.20	1235851.6	1	1	0	1.78	617	16450
TRINITY_DN3225_c0_g1_i3.p2	3.25	3.26	400.70	1569728.2	1	1	0	4.12	267	27138
TRINITY_DN3711_c0_g2_i1.p1	3.20	3.19	440.50	13951476.4	2	1	1	6.81	191	31172
TRINITY_DN10934_c0_g1_i1.p1	3.17	3.15	429.60	35376841.3	6	4	2	15.89	258	3104
TRINITY_DN68789_c0_g1_i1.p1	3.17	1.02	339.00	21016270.0	7	5	1	16.46	243	49964
TRINITY_DN27972_c0_g1_i14.p1	3.17	3.15	495.10	8017545.5	3	2	1	7.89	190	23414
TRINITY_DN83_c0_g2_i1.p1	3.16	3.17	490.00	2835051.4	1	1	0	5.39	204	56421
TRINITY_DN75568_c0_g1_i1.p1	3.16	3.17	418.80	3828160.6	1	1	1	3.35	358	53130
TRINITY_DN9253_c0_g1_i1.p1	3.13	3.14	439.40	891669.4	1	1	0	8.89	135	59494
TRINITY_DN928_c1_g1_i1.p1	3.13	1.90	368.00	12227051.6	7	4	2	7.95	415	59584
TRINITY_DN3520_c2_g1_i1.p1	3.10	2.85	425.20	6710108.6	5	5	1	18.33	251	29619
TRINITY_DN9163_c0_g2_i2.p1	3.10	2.25	492.90	4110237.9	4	3	0	11.94	201	59189
TRINITY_DN9573_c0_g1_i13.p1	3.10	3.10	426.60	3948078.4	2	2	1	11.48	270	60539
TRINITY_DN5633_c0_g1_i1.p2	3.09	2.91	439.10	16074925.5	3	2	0	15.38	104	43588
TRINITY_DN292_c0_g1_i16.p1	3.09	1.79	393.20	25428623.7	4	3	0	15.92	157	24625
TRINITY_DN2756_c0_g2_i5.p1	3.08	3.10	468.10	656071.7	1	1	1	3.66	465	23014
TRINITY_DN775_c0_g2_i2.p1	3.07	1.96	356.60	2788319.0	2	2	0	7.87	305	53936
TRINITY_DN989_c7_g1_i2.p1	3.06	3.07	375.80	797427.2	1	1	0	4.95	283	61576
TRINITY_DN2716_c0_g1_i10.p1	3.05	2.81	517.10	9292047.7	3	3	2	5.59	572	22622
TRINITY_DN36274_c0_g1_i1.p1	3.00	2.59	355.50	14040967.2	3	2	1	3.94	507	30469
TRINITY_DN736_c0_g2_i1.p1	2.99	1.13	344.10	17078936.9	6	6	1	28.34	187	52285
TRINITY_DN2605_c0_g1_i1.p1	2.97	2.98	524.70	4294356.7	1	1	0	3.37	267	21523
TRINITY_DN3421_c0_g1_i1.p1	2.97	2.88	407.00	28094759.5	4	2	0	12.84	148	28824
TRINITY_DN2982_c0_g2_i1.p1	2.96	1.90	404.50	7927881.6	3	3	2	13.89	180	25090
TRINITY_DN39662_c0_g1_i2.p1	2.94	2.96	434.10	756339.3	1	1	0	2.99	334	33021
TRINITY_DN18488_c0_g1_i3.p1	2.93	2.95	421.30	21886260.2	1	1	1	3.08	292	13633
TRINITY_DN11509_c1_g1_i2.p1	2.90	2.90	480.60	8800501.5	1	1	0	6.90	116	4232
TRINITY_DN6046_c0_g1_i1.p1	2.87	2.85	489.00	14967269.2	4	3	0	7.74	297	45741
TRINITY_DN7289_c0_g1_i5.p1	2.86	2.92	406.90	41897328.6	5	5	3	2.33	2146	51910
TRINITY_DN2336_c0_g1_i15.p2	2.84	1.86	422.30	51654097.4	14	7	2	10.54	446	18794
TRINITY_DN502_c0_g1_i3.p1	2.83	2.84	378.90	6694374.7	2	2	0	11.05	190	39992
TRINITY_DN5847_c0_g1_i7.p1	2.82	2.69	412.60	8194226.0	4	3	2	4.28	467	44726
TRINITY_DN11122_c0_g1_i2.p1	2.82	2.59	397.10	6550152.3	3	3	0	5.30	491	3623
TRINITY_DN1542_c0_g1_i1.p1	2.81	2.77	502.40	30818085.3	3	2	0	1.85	704	9870
TRINITY_DN16632_c0_g1_i1.p1	2.78	2.58	471.10	25277901.9	3	2	0	10.74	149	11377
TRINITY_DN2075_c0_g1_i1.p1	2.77	2.71	401.50	4529281.0	2	2	0	10.86	175	16104
TRINITY_DN1067_c0_g1_i1.p1	2.77	2.78	415.40	1392238.7	1	1	0	4.24	283	2230
TRINITY_DN312_c0_g1_i10.p1	2.76	2.44	409.90	7324169.6	2	2	0	3.61	499	26305
TRINITY_DN509_c0_g1_i6.p1	2.75	2.74	429.80	24700608.5	6	4	2	8.06	459	40450
TRINITY_DN18358_c0_g1_i1.p1	2.73	2.69	422.50	5816858.9	2	2	0	4.50	333	13465
TRINITY_DN30554_c0_g1_i2.p1	2.67	1.90	382.30	1808083.1	2	2	0	3.73	509	25759
TRINITY_DN28652_c0_g1_i1.p1	2.66	2.67	417.70	69097448.6	1	1	0	6.82	176	24077
TRINITY_DN7359_c0_g1_i1.p1	2.65	2.67	429.40	3107033.1	1	1	0	2.03	444	52234
TRINITY_DN8091_c0_g1_i1.p1	2.64	1.44	320.10	32815388.4	5	4	1	6.58	471	55334
TRINITY_DN18140_c1_g1_i7.p2	2.64	2.65	316.80	1966402.0	2	2	0	9.14	197	13170
TRINITY_DN2245_c0_g1_i3.p1	2.62	1.36	461.90	30637090.5	6	6	3	2.79	1791	17936
TRINITY_DN1281_c0_g1_i1.p1	2.62	2.63	375.50	4690291.7	3	3	3	6.48	617	6228
TRINITY_DN16852_c0_g1_i3.p1	2.62	2.55	295.50	6929639.4	4	3	0	8.15	417	11596
TRINITY_DN408_c0_g1_i1.p2	2.61	2.62	405.20	1393719.5	1	1	0	6.25	176	33937
TRINITY_DN12680_c0_g1_i2.p1	2.61	2.61	488.60	5880483.8	2	1	0	2.63	419	6059
TRINITY_DN7369_c0_g1_i1.p1	2.61	2.60	469.10	15377328.5	2	1	0	2.92	274	52283
TRINITY_DN27235_c0_g2_i1.p1	2.59	2.42	431.10	24299253.1	3	2	0	2.48	564	22704
TRINITY_DN2314_c1_g1_i2.p1	2.58	2.56	416.80	13503474.8	5	3	0	5.43	497	18608
TRINITY_DN15325_c0_g1_i2.p1	2.58	1.17	368.40	25268491.6	6	5	0	6.93	577	9731
TRINITY_DN8692_c0_g1_i1.p1	2.58	2.07	446.50	23646584.3	3	3	2	4.43	519	57429
TRINITY_DN64001_c0_g1_i1.p1	2.57	2.57	419.20	4995191.5	1	1	1	7.32	123	47493
TRINITY_DN5363_c0_g1_i1.p1	2.56	2.57	433.00	1939585.8	1	1	0	4.88	246	42018
TRINITY_DN6433_c1_g1_i1.p1	2.55	2.56	398.30	1008413.0	1	1	0	2.92	377	47693
TRINITY_DN2177_c0_g1_i1.p1	2.54	2.56	435.10	5225775.5	2	2	1	4.51	643	17180
TRINITY_DN314_c0_g1_i12.p1	2.54	2.08	424.40	14564265.1	4	2	1	3.06	686	26473
TRINITY_DN9818_c0_g1_i1.p1	2.53	2.53	431.30	123880.7	1	1	0	7.20	125	61368
TRINITY_DN7612_c0_g1_i1.p1	2.52	2.19	385.80	10839954.5	4	4	1	11.81	415	53380
TRINITY_DN6992_c0_g1_i2.p1	2.46	2.45	411.00	8917053.4	2	2	1	4.51	244	50529
TRINITY_DN69308_c0_g1_i1.p1	2.43	2.44	402.40	2834369.5	1	1	0	8.26	109	50276
TRINITY_DN4469_c0_g1_i1.p1	2.42	2.31	351.00	15605928.4	5	4	0	12.04	548	36447
TRINITY_DN651_c0_g1_i3.p1	2.41	2.38	356.30	1697434.2	2	2	0	4.80	479	48123
TRINITY_DN49660_c1_g1_i4.p1	2.40	1.06	309.70	41355048.3	8	8	4	5.35	1252	39668
TRINITY_DN3818_c0_g1_i11.p1	2.39	2.40	362.40	866226.5	1	1	0	5.12	215	31975
TRINITY_DN56016_c0_g1_i3.p1	2.38	2.38	447.50	8082110.5	1	1	0	6.06	132	43377
TRINITY_DN2116_c0_g2_i6.p2	2.37	2.38	345.30	667001.4	1	1	0	6.13	212	16585
TRINITY_DN68212_c0_g1_i1.p1	2.36	2.36	371.90	2409448.4	1	1	1	10.78	102	49664
TRINITY_DN10851_c0_g1_i2.p1	2.36	2.26	411.20	13306098.9	2	2	0	4.70	383	2852
TRINITY_DN14331_c0_g1_i1.p1	2.36	2.26	487.70	19128272.2	2	2	1	5.22	249	8489
TRINITY_DN1689_c0_g2_i1.p1	2.35	2.37	360.70	1076124.1	1	1	0	2.62	382	11633
TRINITY_DN14651_c0_g1_i1.p1	2.35	2.37	385.20	519925.9	1	1	0	1.97	456	8938
TRINITY_DN3673_c0_g1_i1.p1	2.33	2.28	378.90	10312467.4	2	2	0	5.58	269	30836
TRINITY_DN2536_c1_g1_i2.p1	2.33	1.28	369.80	11467320.6	4	2	1	4.61	412	20826
TRINITY_DN742_c0_g1_i11.p1	2.32	2.34	376.70	1188953.9	1	1	0	3.80	368	52610
TRINITY_DN14205_c0_g1_i1.p1	2.31	2.31	450.70	9768979.0	2	2	2	11.76	170	8332
TRINITY_DN16636_c0_g2_i5.p1	2.30	1.93	350.20	5337237.1	3	3	0	5.88	459	11380
TRINITY_DN5286_c0_g1_i1.p2	2.30	2.30	404.90	10162459.4	2	2	0	9.62	104	41617
TRINITY_DN2929_c0_g1_i2.p1	2.28	2.28	392.30	4012932.8	2	2	1	9.60	396	24620
TRINITY_DN3653_c0_g1_i1.p1	2.26	2.25	424.30	3633743.7	2	1	1	4.17	240	30669
TRINITY_DN41355_c0_g1_i1.p1	2.26	2.25	416.00	4397390.4	2	1	0	5.22	249	34241
TRINITY_DN10863_c0_g1_i3.p1	2.26	2.27	345.90	2568525.8	1	1	0	5.58	215	2886
TRINITY_DN18621_c0_g1_i1.p2	2.26	1.13	346.40	12342997.0	3	2	0	6.97	244	13807
TRINITY_DN1347_c2_g1_i9.p1	2.24	2.06	316.90	7410927.1	3	2	0	9.36	267	7177
TRINITY_DN3997_c0_g1_i5.p1	2.23	2.26	299.80	4171421.8	3	3	1	2.89	1002	33224
TRINITY_DN64341_c0_g1_i1.p1	2.23	1.19	374.40	5767586.4	2	2	0	5.52	362	47696
TRINITY_DN10255_c0_g1_i2.p1	2.22	2.01	451.70	22177452.9	3	2	1	3.96	454	981
TRINITY_DN7696_c0_g1_i3.p1	2.19	2.11	416.20	15061837.4	4	2	1	4.58	371	53677
TRINITY_DN8632_c0_g1_i4.p1	2.19	2.20	371.10	32693085.6	1	1	0	3.49	258	57258
TRINITY_DN25600_c0_g1_i3.p1	2.18	2.18	391.40	2386277.5	1	1	0	6.67	150	21034
TRINITY_DN756_c0_g1_i5.p2	2.14	1.58	352.60	32591765.9	4	3	0	12.24	147	53197
TRINITY_DN33260_c0_g1_i1.p1	2.13	2.09	366.10	6185256.6	2	2	0	4.85	474	27976
TRINITY_DN7231_c0_g1_i1.p1	2.10	2.10	380.70	40395503.3	3	2	1	4.90	429	51630
TRINITY_DN22430_c0_g1_i1.p1	2.10	2.13	359.20	5421242.7	1	1	0	1.39	789	17880
TRINITY_DN195_c0_g1_i2.p1	2.08	1.31	355.80	29063660.3	5	4	0	4.43	542	14877
TRINITY_DN21755_c0_g1_i1.p1	2.08	1.03	368.60	25778614.7	3	3	0	17.73	141	17162
TRINITY_DN106204_c0_g1_i1.p1	2.07	1.05	366.60	18736197.8	2	2	1	7.49	227	2012
TRINITY_DN46228_c0_g1_i1.p1	2.06	1.97	401.30	7303551.7	3	2	0	10.00	160	37534
TRINITY_DN952_c1_g1_i1.p1	2.04	2.05	433.80	22121556.3	1	1	0	4.37	183	60367
TRINITY_DN746_c0_g1_i1.p1	2.02	1.98	392.60	11357762.4	2	2	0	5.29	397	52780
TRINITY_DN12475_c0_g1_i1.p1	2.02	1.06	394.70	17576488.6	2	2	1	10.26	156	5704
TRINITY_DN4577_c0_g1_i2.p1	1.99	1.07	370.00	29423670.2	4	4	0	7.03	526	37251
TRINITY_DN492_c0_g1_i1.p1	1.99	1.49	491.40	12523570.3	2	2	0	2.93	546	39443
TRINITY_DN3719_c2_g1_i2.p1	1.98	2.01	463.90	1933986.0	2	2	1	3.10	743	31234
TRINITY_DN32202_c0_g1_i3.p1	1.98	2.00	355.60	1052880.8	1	1	0	2.22	450	27088
TRINITY_DN4564_c0_g1_i1.p1	1.98	1.98	444.80	8081729.8	1	1	0	6.54	153	37164
TRINITY_DN3825_c0_g1_i1.p1	1.96	1.83	316.00	2237264.7	3	3	2	6.22	547	32025
TRINITY_DN12471_c0_g1_i1.p1	1.96	1.96	451.20	1028278.2	1	1	0	6.25	144	5702
TRINITY_DN209_c0_g1_i19.p1	1.93	1.26	381.50	14944620.9	3	3	0	3.07	1043	16369
TRINITY_DN8307_c0_g1_i1.p1	1.93	1.93	446.80	7050188.6	1	1	1	10.48	105	56057
TRINITY_DN7574_c0_g1_i1.p1	1.92	1.26	387.70	399651778.4	4	3	0	3.94	559	53214
TRINITY_DN51553_c0_g1_i1.p1	1.92	1.93	446.60	1050425.9	1	1	0	8.15	135	40857
TRINITY_DN20216_c1_g1_i2.p1	1.92	1.92	385.50	7216645.6	1	1	0	6.04	149	15522
TRINITY_DN1491_c0_g1_i1.p1	1.91	1.93	382.30	813084.0	1	1	0	2.90	414	9234
TRINITY_DN5614_c2_g1_i1.p1	1.87	1.88	431.50	6097432.3	1	1	0	3.16	316	43473
TRINITY_DN8993_c0_g1_i1.p1	1.86	1.69	330.00	15008189.5	2	2	1	12.03	133	58484
TRINITY_DN8001_c0_g1_i3.p2	1.86	1.86	379.20	3539935.3	1	1	1	10.34	116	54993
TRINITY_DN7344_c0_g1_i10.p1	1.83	1.84	609.70	14681540.4	2	2	0	3.02	430	52132
TRINITY_DN15409_c0_g1_i2.p1	1.83	1.01	385.50	4255413.6	2	2	1	3.28	519	9849
TRINITY_DN41982_c0_g1_i1.p1	1.81	1.09	422.90	25309405.1	4	3	1	5.33	544	34639
TRINITY_DN7473_c0_g1_i1.p1	1.81	1.77	456.30	10901290.9	2	2	0	7.11	253	52819
TRINITY_DN72217_c0_g1_i3.p1	1.77	1.78	383.50	7456171.9	1	1	0	3.86	207	51588
TRINITY_DN1588_c3_g1_i3.p1	1.75	1.75	312.20	365342.4	1	1	0	7.51	173	10432
TRINITY_DN385_c0_g1_i12.p1	1.73	1.68	343.80	29693109.0	4	4	0	6.10	557	32258
TRINITY_DN9197_c0_g1_i1.p1	1.71	1.06	331.10	10157540.4	7	5	2	4.65	947	59288
TRINITY_DN20865_c0_g2_i1.p1	1.71	1.54	321.30	4643648.8	2	2	0	14.53	179	16216
TRINITY_DN12608_c0_g1_i1.p1	1.69	1.70	396.00	11758416.3	1	1	0	4.43	203	5936
TRINITY_DN2920_c0_g1_i1.p1	1.69	1.70	366.00	1717784.2	1	1	0	2.40	375	24504
TRINITY_DN2552_c2_g1_i1.p1	1.67	1.14	369.80	16864455.8	5	4	0	22.02	168	20985
TRINITY_DN4414_c1_g1_i3.p1	1.66	1.18	420.30	45572738.8	6	5	2	5.94	741	36128
TRINITY_DN7247_c0_g1_i1.p1	1.65	1.56	388.40	7002113.0	3	3	0	9.92	363	51724
TRINITY_DN83657_c0_g1_i1.p2	1.65	1.10	404.00	42324229.1	4	3	0	13.54	192	56282
TRINITY_DN20198_c0_g1_i1.p1	1.64	0.85	441.60	50579402.9	5	3	0	3.74	561	15481
TRINITY_DN90165_c0_g1_i1.p1	1.62	1.04	322.00	51385912.1	3	2	0	13.95	129	58573
TRINITY_DN3835_c0_g1_i4.p1	1.58	1.59	355.10	836275.3	1	1	1	6.76	207	32094
TRINITY_DN4115_c0_g1_i19.p1	1.56	1.53	351.30	3362640.7	3	2	1	3.48	976	34094
TRINITY_DN2418_c0_g1_i2.p1	1.55	1.53	415.40	7028060.9	3	1	0	5.67	141	19606
TRINITY_DN5296_c0_g1_i10.p1	1.55	1.04	419.40	16209064.0	3	3	0	2.79	1002	41672
TRINITY_DN26283_c0_g1_i2.p1	1.52	1.27	372.50	247856192.1	14	2	1	2.51	1034	21722
TRINITY_DN42657_c0_g2_i1.p1	1.51	1.51	298.30	3568772.7	1	1	1	8.13	123	35072
TRINITY_DN7524_c0_g1_i1.p1	1.50	0.98	395.70	17499659.6	2	2	1	3.52	455	53018
TRINITY_DN27235_c0_g1_i1.p1	1.48	1.00	477.90	65947870.0	12	6	1	4.46	1188	22702
TRINITY_DN1325_c0_g1_i1.p1	1.47	1.14	348.80	18794881.1	3	3	0	6.27	367	6834
TRINITY_DN44605_c0_g1_i1.p1	1.45	1.48	391.30	8276324.1	1	1	0	1.77	564	36389
TRINITY_DN691_c0_g3_i1.p1	1.45	1.09	400.40	34356518.3	5	5	1	5.98	686	50209
TRINITY_DN107186_c0_g1_i1.p1	1.44	1.34	355.30	1141824008.9	7	1	1	6.49	154	2376
TRINITY_DN4188_c0_g1_i19.p1	1.42	1.03	363.80	10516998.7	3	3	0	2.93	888	34584
TRINITY_DN2533_c0_g1_i4.p1	1.41	1.42	424.10	17774353.0	4	3	1	5.36	504	20803
TRINITY_DN19465_c0_g1_i2.p1	1.40	1.35	351.60	13190169.6	4	1	0	3.79	211	14709
TRINITY_DN12610_c0_g1_i2.p1	1.38	1.39	349.60	7240906.6	1	1	0	4.80	229	5941
TRINITY_DN39768_c0_g1_i1.p1	1.38	1.38	403.00	7228065.8	2	1	0	2.19	411	33089
TRINITY_DN78875_c0_g1_i1.p2	1.38	1.34	367.60	9914479.1	3	1	0	7.69	104	54484
TRINITY_DN5707_c1_g1_i4.p1	1.37	1.00	323.10	10750207.7	2	2	0	3.54	424	43980
TRINITY_DN55277_c0_g1_i1.p1	1.36	1.00	436.50	43995780.2	4	4	1	6.90	406	42972
TRINITY_DN3644_c1_g1_i6.p1	1.36	0.18	296.10	186709516.6	66	2	1	1.56	961	30601
TRINITY_DN2311_c0_g1_i7.p1	1.35	1.37	439.60	7281263.5	1	1	0	1.87	427	18584
TRINITY_DN55461_c0_g1_i2.p1	1.35	1.17	356.90	42662386.8	7	6	2	6.78	885	43079
TRINITY_DN2555_c0_g1_i3.p1	1.34	1.19	392.70	5642014.0	3	2	0	7.60	263	21002
TRINITY_DN1680_c0_g1_i1.p1	1.34	1.35	297.30	402504.8	1	1	1	9.55	157	11559
TRINITY_DN5309_c2_g1_i1.p1	1.33	1.09	393.30	9991245.3	2	2	1	11.88	101	41754
TRINITY_DN31655_c1_g1_i2.p1	1.33	1.15	338.90	38652958.4	3	2	0	7.86	140	26576
TRINITY_DN5048_c0_g1_i1.p1	1.32	1.32	388.30	27024785.4	2	1	0	1.07	467	40112
TRINITY_DN9426_c0_g1_i4.p1	1.32	1.04	331.90	14374838.0	3	3	0	1.89	1531	59911
TRINITY_DN4698_c0_g1_i4.p1	1.32	1.33	422.10	14393233.0	2	2	0	3.53	425	37977
TRINITY_DN33596_c0_g1_i4.p1	1.28	1.28	339.60	2807766.5	2	2	0	4.07	295	28245
TRINITY_DN4856_c0_g1_i4.p1	1.28	1.21	328.30	2112289.8	3	2	1	14.50	131	39043
TRINITY_DN1535_c0_g1_i10.p1	1.27	1.00	367.50	88764309.0	5	4	1	8.93	392	9786
TRINITY_DN11995_c0_g1_i1.p1	1.27	1.29	305.50	1051864.7	1	1	0	1.88	479	5004
TRINITY_DN9227_c0_g1_i1.p1	1.27	0.90	382.80	59790754.6	11	6	1	5.09	806	59403
TRINITY_DN4716_c0_g1_i1.p2	1.27	1.25	372.20	14397725.5	2	1	1	5.23	172	38094
TRINITY_DN1572_c4_g1_i4.p1	1.27	0.99	332.90	19273061.8	5	5	2	5.03	955	10254
TRINITY_DN15030_c1_g1_i1.p1	1.26	1.27	421.00	6349707.9	1	1	0	8.41	107	9367
TRINITY_DN22477_c0_g2_i1.p1	1.26	1.00	347.50	11175218.1	2	2	0	7.54	199	17954
TRINITY_DN10103_c0_g1_i7.p1	1.25	1.17	515.30	100412377.3	7	3	0	0.93	1833	396
TRINITY_DN13053_c0_g1_i1.p1	1.25	1.26	394.80	7388280.1	1	1	1	4.05	222	6560
TRINITY_DN1735_c0_g1_i1.p1	1.25	1.26	534.00	2792180.9	1	1	0	2.72	257	12278
TRINITY_DN28338_c0_g1_i1.p1	1.24	1.20	373.50	22754048.3	3	1	1	5.36	168	23790
TRINITY_DN33998_c0_g1_i8.p1	1.23	0.74	341.50	15241328.2	5	4	1	7.31	438	28644
TRINITY_DN1553_c0_g1_i5.p1	1.23	1.28	366.40	19278155.8	2	2	0	1.15	1222	10029
TRINITY_DN64428_c0_g1_i2.p1	1.23	1.23	366.40	7390444.3	2	2	1	18.49	119	47726
TRINITY_DN11907_c0_g1_i3.p1	1.23	1.13	323.00	64734876.7	2	2	0	6.54	153	4885
TRINITY_DN1399_c0_g1_i13.p1	1.23	1.19	355.50	3038400.5	2	2	0	4.23	331	8012
TRINITY_DN38269_c0_g1_i1.p1	1.22	1.05	322.80	9159588.3	3	2	0	8.79	182	32034
TRINITY_DN1542_c0_g1_i2.p1	1.21	1.22	356.00	4014058.3	2	1	0	1.13	706	9871
TRINITY_DN7908_c0_g1_i1.p1	1.21	1.20	399.50	25636025.2	3	2	1	5.57	323	54596
TRINITY_DN32608_c0_g1_i3.p1	1.21	0.98	305.40	33552700.0	4	4	2	16.59	205	27430
TRINITY_DN2591_c0_g1_i12.p1	1.19	1.17	360.60	2067035.4	2	1	0	7.77	103	21323
TRINITY_DN5624_c0_g1_i1.p1	1.18	1.19	463.40	16456484.7	1	1	0	6.92	130	43539
TRINITY_DN1664_c0_g1_i2.p1	1.18	1.03	389.00	17899458.9	3	3	0	3.29	791	11400
TRINITY_DN18164_c0_g1_i2.p1	1.18	1.19	344.50	625540.4	1	1	0	2.79	394	13216
TRINITY_DN294_c0_g1_i6.p1	1.18	1.18	404.70	3343812.2	2	2	1	2.99	335	24790
TRINITY_DN12471_c0_g2_i1.p1	1.18	1.18	309.50	496607.1	1	1	1	12.29	122	5703
TRINITY_DN6658_c0_g2_i1.p1	1.18	1.19	306.80	2652572.4	1	1	0	2.89	380	48844
TRINITY_DN530_c2_g1_i18.p1	1.18	1.12	419.00	10060989.2	5	1	0	1.43	491	41767
TRINITY_DN621_c0_g1_i1.p1	1.17	1.16	291.50	7161136.0	3	2	1	11.81	271	46561
TRINITY_DN45290_c1_g1_i1.p1	1.17	1.17	318.90	4111330.3	3	2	1	13.68	234	36910
TRINITY_DN2233_c0_g1_i4.p1	1.16	1.13	348.90	10240500.0	2	2	0	2.47	527	17757
TRINITY_DN69992_c0_g1_i1.p1	1.16	1.05	352.30	15751210.1	2	2	1	10.13	158	50559
TRINITY_DN25572_c0_g2_i1.p1	1.16	1.15	455.10	7934141.0	2	2	1	9.17	109	21015