TRINITY_DN2366_c0_g1::TRINITY_DN2366_c0_g1_i2::g.62183::m.62183	339.97	12.76	865.80	2579654434.4	229	148	53	34.70	2804	12859
TRINITY_DN1521_c0_g1::TRINITY_DN1521_c0_g1_i10::g.93804::m.93804	132.12	10.92	755.20	759327059.2	80	46	20	26.52	1516	5897
TRINITY_DN1932_c0_g1::TRINITY_DN1932_c0_g1_i7::g.54941::m.54941	75.22	8.78	683.80	361090652.5	43	29	10	9.33	2958	9500
TRINITY_DN1338_c0_g1::TRINITY_DN1338_c0_g1_i2::g.114638::m.114638	48.68	11.78	846.60	4171092237.4	104	23	11	33.74	489	3966
TRINITY_DN1521_c0_g1::TRINITY_DN1521_c0_g1_i5::g.93805::m.93805	47.35	10.71	775.20	376341622.0	27	18	8	34.15	448	5898
TRINITY_DN44765_c0_g1::TRINITY_DN44765_c0_g1_i4::g.66584::m.66584	43.94	5.76	537.80	156500186.5	23	18	4	23.43	747	25145
TRINITY_DN29130_c0_g1::TRINITY_DN29130_c0_g1_i1::g.19681::m.19681	38.13	12.94	895.10	108328089.5	20	9	6	32.66	248	16486
TRINITY_DN41992_c0_g1::TRINITY_DN41992_c0_g1_i2::g.90602::m.90602	36.34	11.50	810.80	1879445767.6	34	12	8	43.26	141	23769
TRINITY_DN261_c0_g4::TRINITY_DN261_c0_g4_i1::g.30938::m.30938	33.00	10.90	764.50	149800519.0	35	11	8	35.48	217	14553
TRINITY_DN66249_c0_g1::TRINITY_DN66249_c0_g1_i2::g.90563::m.90563	31.86	9.76	743.30	129622384.0	13	10	9	6.96	1380	34553
TRINITY_DN41089_c0_g1::TRINITY_DN41089_c0_g1_i1::g.45001::m.45001	31.46	7.92	640.50	136239937.2	20	14	6	28.05	303	23311
TRINITY_DN3155_c0_g2::TRINITY_DN3155_c0_g2_i7::g.37801::m.37801	30.51	11.69	819.00	136813727.8	22	7	2	16.17	266	18052
TRINITY_DN2096_c0_g1::TRINITY_DN2096_c0_g1_i6::g.8413::m.8413	30.48	5.06	598.80	63727344.1	20	17	5	9.00	1912	10764
TRINITY_DN82_c3_g1::TRINITY_DN82_c3_g1_i10::g.2703::m.2703	29.05	8.23	658.40	199780787.9	18	14	3	5.46	1942	39390
TRINITY_DN8038_c0_g1::TRINITY_DN8038_c0_g1_i6::g.40108::m.40108	28.69	6.92	589.60	67661428.1	14	14	4	10.61	1122	38781
TRINITY_DN4091_c0_g1::TRINITY_DN4091_c0_g1_i4::g.34642::m.34642	27.53	8.23	693.70	49807406.0	8	7	6	4.16	1610	23187
TRINITY_DN4252_c0_g2::TRINITY_DN4252_c0_g2_i11::g.17603::m.17603	27.02	8.20	632.40	103709830.2	19	9	2	57.28	103	24030
TRINITY_DN4671_c1_g1::TRINITY_DN4671_c1_g1_i1::g.99309::m.99309	25.86	8.23	783.90	46974578.3	13	11	2	6.68	1962	26085
TRINITY_DN1341_c1_g1::TRINITY_DN1341_c1_g1_i8::g.114604::m.114604	25.32	7.93	748.80	29544517.6	6	5	0	16.59	205	4008
TRINITY_DN4322_c0_g1::TRINITY_DN4322_c0_g1_i2::g.43308::m.43308	24.91	8.65	666.50	77180148.1	13	10	2	4.64	2415	24339
TRINITY_DN2851_c0_g3::TRINITY_DN2851_c0_g3_i2::g.53292::m.53292	24.43	8.20	649.40	76196722.8	15	8	2	20.66	271	16056
TRINITY_DN7187_c0_g1::TRINITY_DN7187_c0_g1_i4::g.116238::m.116238	23.67	10.64	750.10	51606045.0	6	5	5	4.52	1393	36600
TRINITY_DN17483_c0_g1::TRINITY_DN17483_c0_g1_i2::g.117071::m.117071	22.85	10.16	738.60	63959664.3	13	10	3	14.79	703	8014
TRINITY_DN3398_c0_g1::TRINITY_DN3398_c0_g1_i11::g.91967::m.91967	22.53	9.99	708.90	466201484.3	15	9	5	24.91	269	19429
TRINITY_DN23027_c0_g1::TRINITY_DN23027_c0_g1_i9::g.122184::m.122184	22.39	7.74	680.80	126999966.6	20	8	2	19.10	288	12364
TRINITY_DN23480_c0_g1::TRINITY_DN23480_c0_g1_i1::g.106780::m.106780	22.25	8.20	607.90	77640952.0	9	7	1	13.88	454	12739
TRINITY_DN3118_c0_g1::TRINITY_DN3118_c0_g1_i3::g.38001::m.38001	22.24	8.16	697.10	22546991.4	9	8	3	9.64	965	17814
TRINITY_DN4703_c0_g1::TRINITY_DN4703_c0_g1_i5::g.1283::m.1283	21.56	11.72	832.90	24514274.6	6	5	4	4.97	1591	26303
TRINITY_DN1228_c0_g1::TRINITY_DN1228_c0_g1_i3::g.85341::m.85341	21.41	8.16	644.40	118422260.0	9	9	5	5.07	1971	2828
TRINITY_DN209_c0_g2::TRINITY_DN209_c0_g2_i2::g.31770::m.31770	20.90	9.24	725.30	60119938.0	11	8	6	6.28	1449	10782
TRINITY_DN6589_c0_g1::TRINITY_DN6589_c0_g1_i1::g.49149::m.49149	20.53	3.92	486.80	111840326.6	14	12	4	13.60	934	34438
TRINITY_DN4023_c0_g1::TRINITY_DN4023_c0_g1_i1::g.35045::m.35045	20.42	5.69	540.10	30956393.0	11	10	4	11.82	694	22851
TRINITY_DN348_c0_g1::TRINITY_DN348_c0_g1_i20::g.105236::m.105236	19.59	7.05	614.70	107480411.4	22	11	5	18.90	492	19994
TRINITY_DN13467_c0_g1::TRINITY_DN13467_c0_g1_i1::g.33054::m.33054	18.14	6.69	591.70	110674451.9	15	11	2	14.62	732	4057
TRINITY_DN7752_c0_g1::TRINITY_DN7752_c0_g1_i13::g.56137::m.56137	17.21	7.71	749.70	139663787.4	13	6	1	14.57	302	38014
TRINITY_DN298_c0_g2::TRINITY_DN298_c0_g2_i2::g.31240::m.31240	16.92	5.91	565.80	30919736.3	6	5	1	18.73	347	16989
TRINITY_DN10863_c0_g1::TRINITY_DN10863_c0_g1_i1::g.7231::m.7231	16.85	4.80	491.50	48735810.1	7	7	1	5.26	1369	1145
TRINITY_DN1746_c0_g1::TRINITY_DN1746_c0_g1_i1::g.71458::m.71458	16.44	4.80	491.20	45241474.8	15	10	2	17.85	622	8005
TRINITY_DN4602_c0_g1::TRINITY_DN4602_c0_g1_i1::g.99381::m.99381	16.05	12.24	859.30	44096098.8	5	5	0	12.78	446	25777
TRINITY_DN1206_c10_g1::TRINITY_DN1206_c10_g1_i1::g.86263::m.86263	15.65	7.16	625.70	14647102.7	5	4	1	30.82	146	2600
TRINITY_DN11341_c0_g1::TRINITY_DN11341_c0_g1_i1::g.98710::m.98710	15.44	9.16	718.30	128259565.9	20	7	2	19.90	191	1725
TRINITY_DN66169_c0_g1::TRINITY_DN66169_c0_g1_i1::g.14665::m.14665	15.32	9.00	654.70	13051439.9	3	3	1	9.84	366	34524
TRINITY_DN230_c2_g1::TRINITY_DN230_c2_g1_i11::g.31027::m.31027	15.05	6.97	581.90	18653129.3	4	4	1	7.10	662	12412
TRINITY_DN3706_c0_g1::TRINITY_DN3706_c0_g1_i10::g.51634::m.51634	15.00	7.38	697.90	112752509.9	9	6	2	36.36	121	21115
TRINITY_DN4065_c0_g1::TRINITY_DN4065_c0_g1_i1::g.34900::m.34900	14.67	5.49	608.30	42947205.7	5	4	0	5.58	609	23036
TRINITY_DN6570_c0_g1::TRINITY_DN6570_c0_g1_i2::g.49053::m.49053	13.44	5.87	516.00	34988450.7	8	7	1	7.85	994	34370
TRINITY_DN195_c0_g1::TRINITY_DN195_c0_g1_i1::g.77683::m.77683	13.27	5.81	489.70	8860119.8	5	5	1	13.49	378	9656
TRINITY_DN261_c0_g1::TRINITY_DN261_c0_g1_i25::g.30933::m.30933	13.22	7.00	681.00	283845491.7	9	5	1	22.40	183	14547
TRINITY_DN209_c0_g1::TRINITY_DN209_c0_g1_i2::g.31743::m.31743	13.08	8.53	677.40	15238580.8	3	3	3	2.61	1608	10779
TRINITY_DN272_c16_g1::TRINITY_DN272_c16_g1_i2::g.32023::m.32023	13.04	5.76	535.30	44164981.9	9	5	0	22.07	213	15352
TRINITY_DN3307_c0_g1::TRINITY_DN3307_c0_g1_i2::g.91834::m.91834	12.86	4.08	537.30	43934321.9	6	6	2	4.79	1377	18923
TRINITY_DN4796_c0_g1::TRINITY_DN4796_c0_g1_i6::g.1432::m.1432	12.56	4.41	581.90	34480041.2	6	6	0	18.09	304	26742
TRINITY_DN648_c1_g1::TRINITY_DN648_c1_g1_i10::g.36676::m.36676	12.56	6.40	724.50	106822965.1	7	5	1	17.38	282	34055
TRINITY_DN35676_c0_g1::TRINITY_DN35676_c0_g1_i1::g.67356::m.67356	12.32	4.44	536.20	206024628.8	8	8	1	16.22	407	20400
TRINITY_DN6797_c0_g1::TRINITY_DN6797_c0_g1_i1::g.30048::m.30048	12.28	5.13	544.20	87355603.0	6	6	2	18.89	323	35180
TRINITY_DN21_c0_g4::TRINITY_DN21_c0_g4_i1::g.3027::m.3027	11.84	5.76	473.50	52717505.0	9	9	3	22.87	376	11630
TRINITY_DN47019_c0_g1::TRINITY_DN47019_c0_g1_i1::g.76007::m.76007	11.64	4.38	546.00	69823443.4	13	10	4	20.27	439	26287
TRINITY_DN31932_c0_g1::TRINITY_DN31932_c0_g1_i4::g.18757::m.18757	11.61	6.87	580.20	17231797.1	6	5	1	12.78	485	18317
TRINITY_DN532_c0_g1::TRINITY_DN532_c0_g1_i1::g.82036::m.82036	11.58	6.37	680.90	37313696.3	4	4	3	5.57	377	29278
TRINITY_DN1875_c0_g1::TRINITY_DN1875_c0_g1_i1::g.101805::m.101805	11.41	11.32	808.00	26132382.3	5	5	0	9.19	653	9064
TRINITY_DN1194_c0_g1::TRINITY_DN1194_c0_g1_i7::g.11477::m.11477	11.22	6.14	566.30	17664864.2	5	3	0	4.25	636	2456
TRINITY_DN55433_c0_g1::TRINITY_DN55433_c0_g1_i1::g.19591::m.19591	11.15	11.16	767.80	3301898.0	1	1	0	8.09	173	30138
TRINITY_DN111_c0_g1::TRINITY_DN111_c0_g1_i4::g.76705::m.76705	11.14	6.93	637.80	98012140.7	12	7	2	5.74	1028	1558
TRINITY_DN12671_c0_g1::TRINITY_DN12671_c0_g1_i1::g.35401::m.35401	11.04	3.19	467.30	103467119.2	10	10	5	43.64	165	3243
TRINITY_DN104_c3_g1::TRINITY_DN104_c3_g1_i1::g.76389::m.76389	10.80	8.92	666.50	30042560.5	6	5	1	4.32	857	700
TRINITY_DN652_c1_g2::TRINITY_DN652_c1_g2_i3::g.37071::m.37071	10.66	5.43	496.60	17614299.4	4	4	2	25.00	120	34243
TRINITY_DN6745_c0_g1::TRINITY_DN6745_c0_g1_i1::g.29670::m.29670	10.62	5.06	574.90	13243661.5	5	4	0	5.92	879	34993
TRINITY_DN588_c1_g1::TRINITY_DN588_c1_g1_i4::g.82432::m.82432	10.42	6.60	631.60	20352803.3	7	7	0	13.58	486	31619
TRINITY_DN295_c0_g1::TRINITY_DN295_c0_g1_i5::g.31922::m.31922	10.29	8.20	605.80	91650459.0	4	3	0	21.21	132	16814
TRINITY_DN3471_c0_g1::TRINITY_DN3471_c0_g1_i3::g.44573::m.44573	10.15	7.16	597.10	6112760.2	3	3	0	12.22	311	19882
TRINITY_DN6761_c0_g1::TRINITY_DN6761_c0_g1_i18::g.29882::m.29882	10.14	5.52	615.00	8753949.7	3	3	0	11.45	393	35054
TRINITY_DN2531_c0_g1::TRINITY_DN2531_c0_g1_i2::g.46011::m.46011	9.94	7.90	616.30	15823953.8	3	2	0	17.36	311	13993
TRINITY_DN5092_c0_g1::TRINITY_DN5092_c0_g1_i1::g.108622::m.108622	9.53	8.01	616.20	38796930.5	3	3	0	12.11	256	28156
TRINITY_DN192_c1_g1::TRINITY_DN192_c1_g1_i1::g.77571::m.77571	9.20	7.20	595.60	11033337.8	5	4	0	10.23	440	9480
TRINITY_DN1051_c0_g1::TRINITY_DN1051_c0_g1_i1::g.103596::m.103596	9.15	9.16	660.10	752636.9	1	1	0	6.39	219	744
TRINITY_DN4940_c1_g1::TRINITY_DN4940_c1_g1_i9::g.107999::m.107999	9.00	5.43	561.20	7233586.2	3	2	0	23.53	119	27481
TRINITY_DN1603_c0_g1::TRINITY_DN1603_c0_g1_i7::g.121738::m.121738	8.94	3.34	521.00	48284974.6	10	10	3	2.71	3684	6669
TRINITY_DN54984_c0_g1::TRINITY_DN54984_c0_g1_i1::g.49776::m.49776	8.89	7.14	635.00	23890392.9	2	2	0	11.76	153	29931
TRINITY_DN7078_c0_g1::TRINITY_DN7078_c0_g1_i3::g.87635::m.87635	8.87	2.97	477.10	63910842.6	10	7	2	17.49	446	36229
TRINITY_DN26503_c0_g1::TRINITY_DN26503_c0_g1_i1::g.40824::m.40824	8.76	8.76	685.90	4516633.7	1	1	1	24.76	105	14739
TRINITY_DN7816_c1_g1::TRINITY_DN7816_c1_g1_i5::g.10779::m.10779	8.74	6.83	599.00	34134497.5	7	7	3	8.30	880	38213
TRINITY_DN30870_c0_g1::TRINITY_DN30870_c0_g1_i1::g.111318::m.111318	8.62	4.20	515.80	18307191.5	7	6	0	10.65	507	17540
TRINITY_DN4241_c0_g1::TRINITY_DN4241_c0_g1_i2::g.17681::m.17681	8.46	5.77	578.30	6293701.1	5	4	2	17.16	268	23991
TRINITY_DN2797_c0_g1::TRINITY_DN2797_c0_g1_i12::g.26224::m.26224	8.30	3.76	535.60	15475405.9	7	6	2	7.13	954	15725
TRINITY_DN19865_c0_g2::TRINITY_DN19865_c0_g2_i1::g.79383::m.79383	8.19	8.20	622.00	686578.2	2	2	1	11.76	187	9890
TRINITY_DN24351_c0_g1::TRINITY_DN24351_c0_g1_i2::g.57274::m.57274	8.17	8.20	613.80	3525713.3	1	1	0	1.29	855	13262
TRINITY_DN4928_c4_g1::TRINITY_DN4928_c4_g1_i2::g.107846::m.107846	8.06	3.11	527.90	39176572.5	9	8	1	14.29	462	27392
TRINITY_DN4230_c0_g1::TRINITY_DN4230_c0_g1_i3::g.17688::m.17688	7.82	4.31	466.50	14693749.9	4	4	0	5.25	552	23947
TRINITY_DN16986_c0_g1::TRINITY_DN16986_c0_g1_i2::g.27281::m.27281	7.78	2.15	492.40	54732969.3	10	9	1	3.11	2409	7530
TRINITY_DN40348_c0_g2::TRINITY_DN40348_c0_g2_i1::g.122660::m.122660	7.71	7.70	640.70	15724975.6	2	2	2	9.29	140	22903
TRINITY_DN892_c0_g1::TRINITY_DN892_c0_g1_i1::g.15992::m.15992	7.66	7.67	626.40	12134569.4	5	3	1	3.47	662	42002
TRINITY_DN2175_c2_g1::TRINITY_DN2175_c2_g1_i1::g.83694::m.83694	7.66	4.74	532.10	46181680.6	5	5	0	11.94	377	11430
TRINITY_DN60890_c0_g1::TRINITY_DN60890_c0_g1_i1::g.87043::m.87043	7.57	7.46	614.60	43335214.0	4	2	0	7.32	164	32374
TRINITY_DN5654_c0_g1::TRINITY_DN5654_c0_g1_i1::g.322::m.322	7.54	3.22	430.00	3416939.4	3	3	1	4.93	873	30630
TRINITY_DN1199_c5_g1::TRINITY_DN1199_c5_g1_i1::g.11602::m.11602	7.47	7.46	616.90	19182008.2	2	2	0	3.82	393	2510
TRINITY_DN2512_c0_g1::TRINITY_DN2512_c0_g1_i4::g.45459::m.45459	7.43	4.61	502.90	93505215.7	8	8	4	3.96	1741	13811
TRINITY_DN5258_c0_g1::TRINITY_DN5258_c0_g1_i1::g.42145::m.42145	7.29	4.21	481.50	13720104.1	3	3	1	3.67	873	28965
TRINITY_DN1713_c1_g1::TRINITY_DN1713_c1_g1_i1::g.72011::m.72011	6.99	7.00	589.50	1241342.8	1	1	0	9.80	153	7674
TRINITY_DN3082_c0_g1::TRINITY_DN3082_c0_g1_i5::g.80876::m.80876	6.99	6.92	584.60	5693405.9	2	2	1	3.97	554	17505
TRINITY_DN28715_c0_g1::TRINITY_DN28715_c0_g1_i6::g.937::m.937	6.99	1.83	557.00	91043651.6	7	6	2	8.16	441	16208
TRINITY_DN45621_c1_g1::TRINITY_DN45621_c1_g1_i1::g.64725::m.64725	6.91	5.31	578.00	5130525.1	3	3	0	18.70	139	25597
TRINITY_DN49405_c0_g1::TRINITY_DN49405_c0_g1_i4::g.71100::m.71100	6.90	5.00	396.90	16774429.3	5	5	2	3.38	1657	27473
TRINITY_DN6821_c4_g2::TRINITY_DN6821_c4_g2_i4::g.56940::m.56940	6.88	3.47	571.60	21646845.1	6	3	0	23.23	99	35283
TRINITY_DN8524_c0_g1::TRINITY_DN8524_c0_g1_i1::g.28131::m.28131	6.88	6.08	628.20	16806617.2	3	2	0	10.36	193	40368
TRINITY_DN4340_c0_g1::TRINITY_DN4340_c0_g1_i6::g.43144::m.43144	6.87	2.81	505.10	64641371.7	9	7	2	9.84	579	24456
TRINITY_DN10018_c0_g1::TRINITY_DN10018_c0_g1_i2::g.40557::m.40557	6.81	6.78	596.60	7370666.5	3	1	1	3.55	366	28
TRINITY_DN3867_c1_g1::TRINITY_DN3867_c1_g1_i3::g.4419::m.4419	6.69	6.16	697.50	12955437.1	5	2	0	13.07	176	22019
TRINITY_DN3898_c0_g1::TRINITY_DN3898_c0_g1_i5::g.4793::m.4793	6.64	5.14	546.80	5696524.7	3	2	0	7.75	284	22188
TRINITY_DN394_c5_g1::TRINITY_DN394_c5_g1_i2::g.106159::m.106159	6.60	5.09	553.10	4108238.8	4	3	1	9.48	443	22403
TRINITY_DN56100_c0_g1::TRINITY_DN56100_c0_g1_i1::g.108370::m.108370	6.52	3.32	587.30	48407969.4	11	3	0	18.53	232	30443
TRINITY_DN94892_c0_g1::TRINITY_DN94892_c0_g1_i1::g.100498::m.100498	6.51	4.55	476.20	5762480.5	5	4	0	19.63	214	44139
TRINITY_DN4861_c0_g1::TRINITY_DN4861_c0_g1_i4::g.78299::m.78299	6.35	5.67	514.00	14425246.9	4	3	0	4.93	507	27090
TRINITY_DN1941_c0_g2::TRINITY_DN1941_c0_g2_i1::g.55141::m.55141	6.30	4.78	491.40	27003959.1	5	5	1	11.48	549	9544
TRINITY_DN0_c0_g1::TRINITY_DN0_c0_g1_i19::g.2076::m.2076	6.23	4.81	543.70	9321607.3	2	2	0	10.15	197	1
TRINITY_DN2994_c0_g1::TRINITY_DN2994_c0_g1_i10::g.6144::m.6144	6.10	4.73	486.30	38087771.4	4	2	0	6.12	278	17014
TRINITY_DN61220_c0_g1::TRINITY_DN61220_c0_g1_i5::g.99973::m.99973	6.07	3.29	573.00	15635802.2	3	2	1	7.17	265	32564
TRINITY_DN4235_c0_g1::TRINITY_DN4235_c0_g1_i8::g.17778::m.17778	6.03	2.67	429.40	88532500.2	9	5	0	22.06	204	23960
TRINITY_DN822_c0_g1::TRINITY_DN822_c0_g1_i3::g.15966::m.15966	6.02	4.43	502.40	10253864.0	4	3	1	6.91	622	39230
TRINITY_DN70_c0_g1::TRINITY_DN70_c0_g1_i3::g.3376::m.3376	6.00	4.61	558.20	39553916.0	4	4	0	9.36	342	36295
TRINITY_DN69975_c0_g1::TRINITY_DN69975_c0_g1_i1::g.115093::m.115093	5.99	6.00	545.90	1653859.5	1	1	0	9.76	164	35896
TRINITY_DN19449_c0_g2::TRINITY_DN19449_c0_g2_i1::g.97056::m.97056	5.97	3.23	596.60	11639166.4	2	2	0	6.51	292	9572
TRINITY_DN5096_c0_g1::TRINITY_DN5096_c0_g1_i2::g.108692::m.108692	5.96	4.77	465.40	2762495.6	2	2	0	14.11	163	28171
TRINITY_DN10174_c5_g1::TRINITY_DN10174_c5_g1_i1::g.116567::m.116567	5.81	2.22	519.50	37513357.2	7	6	2	5.91	829	236
TRINITY_DN39562_c0_g1::TRINITY_DN39562_c0_g1_i5::g.73233::m.73233	5.68	2.73	480.80	7820912.0	3	3	2	16.27	209	22440
TRINITY_DN6637_c0_g2::TRINITY_DN6637_c0_g2_i2::g.74320::m.74320	5.66	2.29	475.20	60504489.8	4	4	0	13.58	243	34609
TRINITY_DN7147_c0_g1::TRINITY_DN7147_c0_g1_i4::g.116117::m.116117	5.66	3.15	631.30	18353223.1	4	3	1	8.66	358	36486
TRINITY_DN268_c5_g1::TRINITY_DN268_c5_g1_i1::g.30863::m.30863	5.57	2.24	528.00	25172428.1	3	3	0	4.05	691	15049
TRINITY_DN6821_c4_g1::TRINITY_DN6821_c4_g1_i4::g.56932::m.56932	5.53	4.27	440.50	24781294.5	4	2	0	14.18	141	35282
TRINITY_DN53901_c0_g1::TRINITY_DN53901_c0_g1_i6::g.21888::m.21888	5.39	4.19	551.90	13021126.9	2	2	0	5.33	394	29533
TRINITY_DN4669_c5_g2::TRINITY_DN4669_c5_g2_i6::g.99073::m.99073	5.32	2.53	462.50	40683952.9	6	3	0	8.76	274	26072
TRINITY_DN2052_c0_g1::TRINITY_DN2052_c0_g1_i2::g.8062::m.8062	5.20	5.18	541.00	1809413.6	2	2	1	10.40	125	10429
TRINITY_DN37649_c0_g1::TRINITY_DN37649_c0_g1_i1::g.49485::m.49485	5.17	3.63	515.20	12274859.8	4	4	1	11.95	343	21419
TRINITY_DN45621_c0_g2::TRINITY_DN45621_c0_g2_i1::g.64723::m.64723	5.15	5.15	620.70	4591698.7	1	1	0	7.23	166	25595
TRINITY_DN1523_c0_g1::TRINITY_DN1523_c0_g1_i4::g.94058::m.94058	5.14	5.01	606.30	10321944.1	3	3	2	2.27	1144	5917
TRINITY_DN92373_c0_g1::TRINITY_DN92373_c0_g1_i1::g.13849::m.13849	5.04	2.64	506.20	32051653.1	3	3	0	7.25	400	43156
TRINITY_DN3272_c0_g3::TRINITY_DN3272_c0_g3_i1::g.61288::m.61288	5.01	5.02	469.50	1328445.9	1	1	0	5.69	246	18733
TRINITY_DN338_c0_g1::TRINITY_DN338_c0_g1_i2::g.105402::m.105402	4.81	4.74	447.80	1995615.8	2	2	1	6.07	428	19376
TRINITY_DN61883_c0_g1::TRINITY_DN61883_c0_g1_i1::g.115716::m.115716	4.80	4.80	513.70	1279474.6	1	1	0	8.00	150	32852
TRINITY_DN1236_c2_g1::TRINITY_DN1236_c2_g1_i4::g.85258::m.85258	4.79	4.80	492.50	1123972.4	1	1	0	5.12	215	2908
TRINITY_DN1829_c5_g1::TRINITY_DN1829_c5_g1_i1::g.102497::m.102497	4.78	3.13	477.10	21314359.9	6	6	2	2.20	2546	8697
TRINITY_DN52404_c0_g2::TRINITY_DN52404_c0_g2_i3::g.55310::m.55310	4.74	4.27	492.70	22312366.9	2	2	0	6.87	262	28917
TRINITY_DN1322_c0_g1::TRINITY_DN1322_c0_g1_i13::g.114141::m.114141	4.67	4.66	647.30	14881011.9	4	2	0	1.00	1301	3788
TRINITY_DN870_c0_g1::TRINITY_DN870_c0_g1_i1::g.15228::m.15228	4.60	2.95	544.90	30748394.5	6	5	1	8.57	525	41147
TRINITY_DN138_c0_g1::TRINITY_DN138_c0_g1_i7::g.77252::m.77252	4.51	4.54	521.30	10617784.6	4	4	1	2.85	1054	4574
TRINITY_DN2522_c1_g1::TRINITY_DN2522_c1_g1_i2::g.45341::m.45341	4.51	3.06	505.40	25737972.5	3	3	1	7.37	353	13921
TRINITY_DN93606_c0_g1::TRINITY_DN93606_c0_g1_i1::g.118469::m.118469	4.45	4.45	458.60	2119891.9	1	1	0	10.22	137	43691
TRINITY_DN460_c0_g1::TRINITY_DN460_c0_g1_i11::g.9906::m.9906	4.43	2.77	488.30	26156543.7	5	5	3	5.63	710	25792
TRINITY_DN2042_c0_g1::TRINITY_DN2042_c0_g1_i2::g.8370::m.8370	4.34	1.56	366.80	39479019.6	8	7	3	9.56	1140	10369
TRINITY_DN4004_c0_g1::TRINITY_DN4004_c0_g1_i10::g.34896::m.34896	4.30	2.05	443.60	3821256.5	3	3	1	18.46	195	22738
TRINITY_DN9748_c0_g1::TRINITY_DN9748_c0_g1_i3::g.80152::m.80152	4.23	4.25	490.40	1079997.6	1	1	1	5.12	410	44951
TRINITY_DN978_c0_g1::TRINITY_DN978_c0_g1_i6::g.89312::m.89312	4.22	2.15	459.00	22349327.9	3	3	1	4.84	496	45013
TRINITY_DN39248_c0_g1::TRINITY_DN39248_c0_g1_i5::g.46342::m.46342	4.10	4.10	359.10	121581.0	1	1	0	11.29	124	22299
TRINITY_DN66169_c0_g2::TRINITY_DN66169_c0_g2_i1::g.14672::m.14672	4.00	1.44	375.40	47960406.1	4	3	1	12.33	227	34525
TRINITY_DN8112_c0_g1::TRINITY_DN8112_c0_g1_i1::g.65189::m.65189	4.00	3.35	548.10	13883395.1	2	2	1	9.95	221	38959
TRINITY_DN70088_c0_g3::TRINITY_DN70088_c0_g3_i1::g.22536::m.22536	3.95	2.08	407.50	35136122.9	5	5	1	19.15	188	35975
TRINITY_DN3435_c0_g1::TRINITY_DN3435_c0_g1_i41::g.44339::m.44339	3.95	3.96	457.20	1878400.1	1	1	0	4.82	332	19633
TRINITY_DN11965_c0_g1::TRINITY_DN11965_c0_g1_i1::g.38819::m.38819	3.94	2.13	428.90	6086138.9	3	2	0	22.22	108	2470
TRINITY_DN53897_c0_g1::TRINITY_DN53897_c0_g1_i5::g.21877::m.21877	3.93	2.45	580.30	72640008.9	3	2	0	12.57	175	29510
TRINITY_DN6419_c0_g1::TRINITY_DN6419_c0_g1_i6::g.97183::m.97183	3.93	2.01	483.20	8233213.2	3	3	0	14.65	198	33795
TRINITY_DN67854_c0_g1::TRINITY_DN67854_c0_g1_i1::g.55690::m.55690	3.89	3.88	452.90	4619470.5	2	1	0	6.01	183	35136
TRINITY_DN15497_c1_g1::TRINITY_DN15497_c1_g1_i1::g.14116::m.14116	3.84	2.28	538.80	43503496.2	4	3	0	15.71	140	6176
TRINITY_DN16795_c0_g1::TRINITY_DN16795_c0_g1_i1::g.119606::m.119606	3.69	2.41	397.20	19093423.7	3	2	2	12.43	185	7350
TRINITY_DN7042_c0_g1::TRINITY_DN7042_c0_g1_i4::g.87435::m.87435	3.52	1.83	429.00	29578181.7	4	3	1	7.49	334	36112
TRINITY_DN9053_c0_g1::TRINITY_DN9053_c0_g1_i1::g.64283::m.64283	3.44	1.73	454.40	7525928.3	4	3	1	12.56	199	42453
TRINITY_DN3521_c0_g1::TRINITY_DN3521_c0_g1_i4::g.69488::m.69488	3.35	3.35	490.00	26940425.2	2	2	0	6.76	340	20158
TRINITY_DN2170_c3_g1::TRINITY_DN2170_c3_g1_i20::g.84506::m.84506	3.33	3.34	551.40	8051222.7	1	1	0	4.84	248	11404
TRINITY_DN40617_c0_g1::TRINITY_DN40617_c0_g1_i3::g.30254::m.30254	3.30	3.33	482.30	599741.9	1	1	0	2.18	643	23021
TRINITY_DN1353_c0_g1::TRINITY_DN1353_c0_g1_i4::g.114806::m.114806	3.30	2.31	437.40	33193765.7	5	4	0	17.62	210	4184
TRINITY_DN988_c1_g1::TRINITY_DN988_c1_g1_i2::g.88251::m.88251	3.28	1.46	377.20	32090907.0	6	5	2	4.17	983	45161
TRINITY_DN63513_c0_g1::TRINITY_DN63513_c0_g1_i2::g.111777::m.111777	3.27	2.78	431.50	2054633.9	3	2	0	11.25	160	33500
TRINITY_DN3435_c0_g1::TRINITY_DN3435_c0_g1_i17::g.44356::m.44356	3.25	1.56	438.10	25098552.4	5	5	2	12.31	398	19630
TRINITY_DN5817_c1_g2::TRINITY_DN5817_c1_g2_i13::g.107217::m.107217	3.24	1.10	373.60	13621771.3	5	5	0	18.40	212	31314
TRINITY_DN10_c0_g1::TRINITY_DN10_c0_g1_i14::g.2793::m.2793	3.23	3.06	365.00	114683026.6	10	4	1	2.40	1919	1307
TRINITY_DN3017_c0_g1::TRINITY_DN3017_c0_g1_i6::g.81205::m.81205	3.23	1.69	528.30	39353984.5	3	3	1	11.23	187	17192
TRINITY_DN3497_c0_g1::TRINITY_DN3497_c0_g1_i5::g.44606::m.44606	3.05	3.02	486.20	2049289.5	2	2	0	8.78	205	20038
TRINITY_DN27262_c0_g1::TRINITY_DN27262_c0_g1_i1::g.115138::m.115138	2.99	2.99	429.80	6193280.8	1	1	0	10.09	109	15313
TRINITY_DN1121_c0_g2::TRINITY_DN1121_c0_g2_i1::g.11906::m.11906	2.95	2.61	446.30	28436846.2	8	7	0	5.52	743	1570
TRINITY_DN2112_c0_g1::TRINITY_DN2112_c0_g1_i2::g.83956::m.83956	2.95	2.37	489.70	20455091.4	3	2	0	2.81	605	10892
TRINITY_DN3398_c0_g1::TRINITY_DN3398_c0_g1_i23::g.91961::m.91961	2.95	2.96	525.20	5646990.1	1	1	1	4.20	262	19430
TRINITY_DN10472_c0_g1::TRINITY_DN10472_c0_g1_i2::g.23721::m.23721	2.93	2.93	440.40	495541.8	1	1	0	5.56	216	652
TRINITY_DN1567_c1_g1::TRINITY_DN1567_c1_g1_i1::g.94238::m.94238	2.87	2.10	440.60	69777992.9	5	4	1	14.00	300	6363
TRINITY_DN3883_c0_g1::TRINITY_DN3883_c0_g1_i2::g.4966::m.4966	2.83	2.81	387.40	15701610.5	5	2	1	1.56	1342	22112
TRINITY_DN298_c2_g2::TRINITY_DN298_c2_g2_i1::g.31243::m.31243	2.80	2.82	484.50	7926101.4	1	1	0	1.71	527	16990
TRINITY_DN1467_c2_g1::TRINITY_DN1467_c2_g1_i3::g.63655::m.63655	2.79	2.61	610.00	27446428.5	5	5	3	2.39	1504	5355
TRINITY_DN37357_c0_g1::TRINITY_DN37357_c0_g1_i19::g.20205::m.20205	2.74	2.76	414.50	366705.5	1	1	0	2.87	348	21279
TRINITY_DN277_c0_g1::TRINITY_DN277_c0_g1_i5::g.32030::m.32030	2.74	2.73	577.50	13346193.8	3	1	0	0.64	933	15635
TRINITY_DN26_c0_g1::TRINITY_DN26_c0_g1_i14::g.3080::m.3080	2.71	1.33	354.40	34347349.0	6	6	2	4.94	1113	15138
TRINITY_DN4778_c0_g2::TRINITY_DN4778_c0_g2_i1::g.1379::m.1379	2.69	2.22	514.10	33477060.6	2	2	0	14.85	101	26661
TRINITY_DN50736_c0_g1::TRINITY_DN50736_c0_g1_i2::g.57328::m.57328	2.66	2.19	387.10	14495601.0	2	2	0	1.81	1050	28048
TRINITY_DN41407_c1_g1::TRINITY_DN41407_c1_g1_i1::g.28498::m.28498	2.63	2.00	470.50	17203099.8	4	3	2	17.65	102	23505
TRINITY_DN988_c2_g1::TRINITY_DN988_c2_g1_i1::g.88259::m.88259	2.60	2.53	382.30	7428556.3	3	2	0	4.17	360	45162
TRINITY_DN60605_c0_g1::TRINITY_DN60605_c0_g1_i1::g.55574::m.55574	2.60	2.67	536.20	38567634.9	4	4	0	1.31	2286	32239
TRINITY_DN42056_c0_g1::TRINITY_DN42056_c0_g1_i1::g.69985::m.69985	2.60	2.51	415.60	173059771.4	6	1	0	1.69	532	23802
TRINITY_DN1779_c1_g1::TRINITY_DN1779_c1_g1_i2::g.71717::m.71717	2.55	2.56	402.40	1965286.8	1	1	0	5.40	315	8323
TRINITY_DN1700_c0_g1::TRINITY_DN1700_c0_g1_i11::g.71464::m.71464	2.55	1.44	330.20	16193592.2	5	5	1	9.57	418	7570
TRINITY_DN48129_c0_g1::TRINITY_DN48129_c0_g1_i1::g.91145::m.91145	2.54	2.48	469.80	6278408.0	2	2	0	5.71	315	26825
TRINITY_DN2631_c0_g1::TRINITY_DN2631_c0_g1_i2::g.70961::m.70961	2.51	2.52	512.20	2629857.8	1	1	0	4.67	214	14613
TRINITY_DN89140_c0_g1::TRINITY_DN89140_c0_g1_i1::g.47212::m.47212	2.48	1.50	390.00	19300204.0	3	2	0	10.71	140	41944
TRINITY_DN3330_c0_g1::TRINITY_DN3330_c0_g1_i8::g.91783::m.91783	2.45	2.46	403.00	648013.4	1	1	1	2.93	512	19055
TRINITY_DN55707_c0_g1::TRINITY_DN55707_c0_g1_i1::g.95253::m.95253	2.42	2.41	593.90	26111764.3	3	2	1	5.08	394	30261
TRINITY_DN5373_c0_g1::TRINITY_DN5373_c0_g1_i15::g.118094::m.118094	2.41	2.40	442.30	25513420.0	5	3	2	7.61	447	29419
TRINITY_DN31932_c0_g2::TRINITY_DN31932_c0_g2_i1::g.18764::m.18764	2.39	1.29	334.70	2059509.0	2	2	2	17.05	129	18319
TRINITY_DN3619_c0_g1::TRINITY_DN3619_c0_g1_i1::g.25688::m.25688	2.37	1.21	335.80	8410703.4	2	2	0	4.22	450	20680
TRINITY_DN3953_c0_g1::TRINITY_DN3953_c0_g1_i19::g.34087::m.34087	2.34	1.49	384.70	98335139.4	5	4	0	14.13	283	22425
TRINITY_DN62422_c1_g1::TRINITY_DN62422_c1_g1_i1::g.79715::m.79715	2.30	2.22	356.20	4991457.6	2	2	1	6.15	244	33083
TRINITY_DN4565_c0_g2::TRINITY_DN4565_c0_g2_i1::g.24679::m.24679	2.29	2.30	452.20	10141004.6	1	1	0	2.52	317	25630
TRINITY_DN63286_c0_g1::TRINITY_DN63286_c0_g1_i7::g.34449::m.34449	2.21	2.12	573.60	58379398.6	3	3	0	5.10	353	33398
TRINITY_DN56260_c0_g1::TRINITY_DN56260_c0_g1_i1::g.18692::m.18692	2.20	2.20	445.90	1641136.5	1	1	0	6.96	158	30494
TRINITY_DN20341_c0_g1::TRINITY_DN20341_c0_g1_i3::g.97666::m.97666	2.18	1.59	385.10	11869645.2	3	3	0	4.12	486	10293
TRINITY_DN68176_c0_g1::TRINITY_DN68176_c0_g1_i1::g.117593::m.117593	2.17	1.77	577.40	820516867.6	23	2	1	5.88	119	35259
TRINITY_DN21807_c0_g1::TRINITY_DN21807_c0_g1_i3::g.34345::m.34345	2.12	1.99	420.70	15646414.7	3	3	0	5.29	397	11486
TRINITY_DN3807_c0_g1::TRINITY_DN3807_c0_g1_i2::g.4746::m.4746	2.12	2.13	332.00	366918.8	1	1	1	5.69	211	21671
TRINITY_DN2980_c0_g1::TRINITY_DN2980_c0_g1_i1::g.5671::m.5671	2.09	2.10	367.80	518561.3	1	1	0	4.76	231	16939
TRINITY_DN43315_c0_g1::TRINITY_DN43315_c0_g1_i1::g.55509::m.55509	2.07	2.01	507.00	76094041.4	3	2	0	6.63	181	24389
TRINITY_DN7_c0_g1::TRINITY_DN7_c0_g1_i2::g.2452::m.2452	2.06	1.54	377.90	30862287.9	2	2	0	1.18	1607	38685
TRINITY_DN378_c0_g1::TRINITY_DN378_c0_g1_i4::g.105416::m.105416	2.05	2.10	423.90	1462791.0	4	4	1	3.30	1394	21570
TRINITY_DN30820_c0_g1::TRINITY_DN30820_c0_g1_i1::g.111352::m.111352	2.01	1.82	456.10	5630028.4	4	2	0	11.76	136	17503
TRINITY_DN2531_c1_g1::TRINITY_DN2531_c1_g1_i1::g.46022::m.46022	2.01	2.02	325.20	1101796.4	1	1	1	5.80	345	13994
TRINITY_DN3221_c0_g1::TRINITY_DN3221_c0_g1_i2::g.60832::m.60832	1.96	1.56	329.70	6683146.9	3	2	1	8.02	262	18483
TRINITY_DN2756_c0_g2::TRINITY_DN2756_c0_g2_i1::g.26997::m.26997	1.96	1.97	484.90	3628610.9	1	1	0	3.01	299	15522
TRINITY_DN24487_c0_g1::TRINITY_DN24487_c0_g1_i1::g.57476::m.57476	1.95	1.11	389.30	20821659.5	4	4	0	3.70	838	13361
TRINITY_DN503_c0_g1::TRINITY_DN503_c0_g1_i1::g.82125::m.82125	1.94	1.50	381.70	4463944.1	2	2	0	2.12	755	27877
TRINITY_DN4351_c1_g1::TRINITY_DN4351_c1_g1_i4::g.43562::m.43562	1.93	1.39	383.50	21911684.4	3	3	3	3.26	368	24507
TRINITY_DN3603_c0_g1::TRINITY_DN3603_c0_g1_i3::g.25797::m.25797	1.93	1.35	426.20	11075177.1	2	2	0	7.87	216	20606
TRINITY_DN2262_c0_g2::TRINITY_DN2262_c0_g2_i1::g.113154::m.113154	1.93	1.30	428.80	45218956.6	5	2	0	11.76	136	12030
TRINITY_DN5961_c0_g1::TRINITY_DN5961_c0_g1_i2::g.57642::m.57642	1.90	1.91	350.00	569040.3	2	1	0	1.34	745	31919
TRINITY_DN3153_c0_g1::TRINITY_DN3153_c0_g1_i3::g.37440::m.37440	1.88	1.89	431.60	1739902.7	1	1	0	3.51	285	18036
TRINITY_DN12348_c0_g1::TRINITY_DN12348_c0_g1_i11::g.50112::m.50112	1.87	1.88	498.00	7497830.4	1	1	0	8.47	118	2880
TRINITY_DN840_c0_g1::TRINITY_DN840_c0_g1_i2::g.15438::m.15438	1.84	1.74	413.60	6725358.0	2	2	1	3.33	630	39856
TRINITY_DN54392_c0_g1::TRINITY_DN54392_c0_g1_i10::g.112224::m.112224	1.81	1.83	451.30	6833847.7	1	1	1	2.79	430	29726
TRINITY_DN1902_c0_g1::TRINITY_DN1902_c0_g1_i10::g.54500::m.54500	1.78	1.79	441.70	54486198.3	12	2	1	2.89	727	9291
TRINITY_DN8024_c0_g1::TRINITY_DN8024_c0_g1_i1::g.40249::m.40249	1.78	1.78	378.20	7419089.3	1	1	0	10.00	100	38746
TRINITY_DN3260_c0_g1::TRINITY_DN3260_c0_g1_i1::g.61216::m.61216	1.77	1.18	406.70	15363532.3	2	2	0	4.06	542	18653
TRINITY_DN48609_c0_g1::TRINITY_DN48609_c0_g1_i2::g.72890::m.72890	1.77	1.76	408.50	3078571.7	3	3	1	15.68	185	27086
TRINITY_DN3434_c0_g1::TRINITY_DN3434_c0_g1_i1::g.44255::m.44255	1.75	1.72	373.60	4444772.6	3	1	1	3.26	276	19617
TRINITY_DN464_c1_g1::TRINITY_DN464_c1_g1_i1::g.9654::m.9654	1.68	1.23	414.20	13285171.7	2	2	0	7.62	223	25950
TRINITY_DN10521_c0_g1::TRINITY_DN10521_c0_g1_i12::g.100233::m.100233	1.63	1.60	413.80	13506681.7	4	2	2	16.30	184	747
TRINITY_DN34648_c0_g1::TRINITY_DN34648_c0_g1_i4::g.41384::m.41384	1.63	1.64	454.30	5403262.4	1	1	1	3.64	275	19817
TRINITY_DN4476_c0_g1::TRINITY_DN4476_c0_g1_i1::g.119147::m.119147	1.63	1.42	488.90	1617720591.6	12	3	1	8.82	306	25149
TRINITY_DN37479_c0_g1::TRINITY_DN37479_c0_g1_i6::g.20468::m.20468	1.62	1.62	333.10	16352750.6	3	3	0	13.86	166	21336
TRINITY_DN1179_c0_g2::TRINITY_DN1179_c0_g2_i7::g.11447::m.11447	1.60	1.52	470.20	32292375.1	2	2	0	2.24	535	2283
TRINITY_DN1338_c0_g1::TRINITY_DN1338_c0_g1_i6::g.114635::m.114635	1.55	1.55	391.20	3261823.0	2	1	0	2.83	353	3969
TRINITY_DN1726_c0_g1::TRINITY_DN1726_c0_g1_i2::g.71753::m.71753	1.55	1.55	440.20	3024120.8	1	1	0	10.48	105	7775
TRINITY_DN744_c1_g1::TRINITY_DN744_c1_g1_i5::g.109640::m.109640	1.55	1.57	352.70	34086217.6	2	2	0	5.06	514	37243
TRINITY_DN8568_c0_g1::TRINITY_DN8568_c0_g1_i3::g.28233::m.28233	1.55	1.55	398.50	6376767.3	3	3	2	3.90	948	40506
TRINITY_DN1913_c0_g1::TRINITY_DN1913_c0_g1_i3::g.55274::m.55274	1.54	1.55	379.90	3782080.6	1	1	0	7.80	141	9366
TRINITY_DN71871_c0_g2::TRINITY_DN71871_c0_g2_i8::g.64560::m.64560	1.54	1.55	312.70	669118.9	1	1	1	5.51	254	36595
TRINITY_DN10582_c0_g1::TRINITY_DN10582_c0_g1_i1::g.100073::m.100073	1.54	1.55	420.00	342593.0	1	1	0	1.86	430	840
TRINITY_DN8251_c1_g1::TRINITY_DN8251_c1_g1_i1::g.21020::m.21020	1.53	1.53	336.80	3823054.9	1	1	0	9.82	112	39282
TRINITY_DN4046_c0_g1::TRINITY_DN4046_c0_g1_i2::g.34717::m.34717	1.52	1.52	485.00	1657829.9	2	2	0	14.58	144	22961
TRINITY_DN691_c1_g1::TRINITY_DN691_c1_g1_i1::g.36824::m.36824	1.51	1.49	349.60	16866363.9	3	2	0	8.13	246	35647
TRINITY_DN35373_c0_g1::TRINITY_DN35373_c0_g1_i1::g.86374::m.86374	1.51	1.52	398.60	6114853.4	1	1	0	6.96	158	20220
TRINITY_DN2083_c1_g2::TRINITY_DN2083_c1_g2_i3::g.8012::m.8012	1.51	1.42	343.60	4882893.7	3	3	0	16.00	225	10679
TRINITY_DN12937_c0_g1::TRINITY_DN12937_c0_g1_i3::g.62846::m.62846	1.51	1.53	476.00	2885069.6	1	1	1	2.31	433	3524
TRINITY_DN13662_c0_g1::TRINITY_DN13662_c0_g1_i1::g.111197::m.111197	1.51	1.52	397.70	1052307.4	1	1	0	7.27	165	4298
TRINITY_DN6324_c0_g1::TRINITY_DN6324_c0_g1_i1::g.67217::m.67217	1.49	1.50	384.50	4711453.4	1	1	0	3.92	332	33394
TRINITY_DN17290_c0_g1::TRINITY_DN17290_c0_g1_i5::g.86876::m.86876	1.49	1.50	374.80	4886309.8	1	1	0	5.39	167	7804
TRINITY_DN1027_c0_g1::TRINITY_DN1027_c0_g1_i4::g.103494::m.103494	1.49	1.43	381.50	23489143.1	3	3	0	3.42	878	399
TRINITY_DN60624_c0_g1::TRINITY_DN60624_c0_g1_i1::g.55563::m.55563	1.46	1.46	361.00	1357894.1	1	1	0	7.14	154	32246
TRINITY_DN1647_c0_g1::TRINITY_DN1647_c0_g1_i1::g.121366::m.121366	1.45	1.41	361.40	197153611.2	5	1	0	0.98	1019	7050
TRINITY_DN27531_c0_g1::TRINITY_DN27531_c0_g1_i3::g.21940::m.21940	1.44	1.45	434.60	10492316.1	2	2	1	28.06	196	15504
TRINITY_DN19848_c0_g1::TRINITY_DN19848_c0_g1_i1::g.79393::m.79393	1.43	1.42	377.40	7297104.7	2	1	0	4.88	205	9871
TRINITY_DN1677_c0_g1::TRINITY_DN1677_c0_g1_i2::g.121443::m.121443	1.43	1.45	375.90	7006979.9	2	1	0	0.73	1092	7339
TRINITY_DN3424_c0_g1::TRINITY_DN3424_c0_g1_i1::g.44298::m.44298	1.43	1.42	332.00	2939634.5	3	2	0	3.57	560	19570
TRINITY_DN1354_c0_g1::TRINITY_DN1354_c0_g1_i1::g.114936::m.114936	1.42	1.43	416.70	13355720.1	1	1	0	3.05	295	4193
TRINITY_DN1675_c0_g2::TRINITY_DN1675_c0_g2_i2::g.121847::m.121847	1.41	1.42	349.50	1091947.9	1	1	0	2.37	295	7319
TRINITY_DN2434_c0_g1::TRINITY_DN2434_c0_g1_i2::g.93385::m.93385	1.38	1.39	420.20	5500005.1	1	1	0	3.12	256	13261
TRINITY_DN822_c0_g1::TRINITY_DN822_c0_g1_i19::g.15957::m.15957	1.36	1.36	307.70	14160475.4	2	2	2	2.84	423	39228
TRINITY_DN6393_c0_g1::TRINITY_DN6393_c0_g1_i2::g.66915::m.66915	1.36	1.37	361.10	731578.8	1	1	0	3.26	215	33667
TRINITY_DN631_c0_g1::TRINITY_DN631_c0_g1_i2::g.35901::m.35901	1.35	1.37	386.20	4669318.0	1	1	0	3.29	304	33377
TRINITY_DN16324_c0_g1::TRINITY_DN16324_c0_g1_i1::g.13613::m.13613	1.34	1.28	474.30	89122042.3	7	3	1	1.49	603	6921
TRINITY_DN8917_c0_g1::TRINITY_DN8917_c0_g1_i1::g.112398::m.112398	1.34	1.26	397.60	10998887.9	2	2	0	9.93	141	41956
TRINITY_DN969_c0_g1::TRINITY_DN969_c0_g1_i7::g.88210::m.88210	1.34	1.29	359.30	46384670.0	2	2	2	1.50	1069	44895
TRINITY_DN30443_c0_g1::TRINITY_DN30443_c0_g1_i1::g.123826::m.123826	1.32	0.27	298.40	2040213330.5	54	1	0	9.80	102	17334
TRINITY_DN1446_c3_g1::TRINITY_DN1446_c3_g1_i2::g.63416::m.63416	1.31	1.34	314.40	6444589.6	2	2	0	2.05	975	5136
TRINITY_DN57153_c0_g1::TRINITY_DN57153_c0_g1_i3::g.90889::m.90889	1.28	1.27	441.80	13715533.6	2	1	0	6.04	149	30895
TRINITY_DN20274_c0_g1::TRINITY_DN20274_c0_g1_i1::g.21647::m.21647	1.27	1.26	378.00	2264580.6	2	1	0	8.33	192	10216
TRINITY_DN36891_c0_g1::TRINITY_DN36891_c0_g1_i18::g.50592::m.50592	1.26	1.25	314.30	4116075.9	2	1	0	3.61	249	21022
TRINITY_DN178_c4_g1::TRINITY_DN178_c4_g1_i5::g.76115::m.76115	1.23	1.25	541.80	15359226.4	2	2	0	3.08	584	8409
TRINITY_DN765_c0_g1::TRINITY_DN765_c0_g1_i1::g.110428::m.110428	1.23	1.06	339.00	8908720.7	11	1	1	2.10	428	37788
TRINITY_DN13242_c0_g2::TRINITY_DN13242_c0_g2_i5::g.123590::m.123590	1.22	1.07	372.40	14931262.6	2	2	0	5.95	269	3798
TRINITY_DN1467_c2_g2::TRINITY_DN1467_c2_g2_i1::g.63663::m.63663	1.16	1.14	447.90	40252620.2	3	3	0	3.33	842	5356
TRINITY_DN899_c0_g1::TRINITY_DN899_c0_g1_i2::g.15157::m.15157	1.15	1.06	338.40	16018670.6	2	2	0	2.91	618	42206
TRINITY_DN24445_c0_g1::TRINITY_DN24445_c0_g1_i1::g.57461::m.57461	1.15	1.16	333.90	27105542.0	1	1	0	3.85	156	13326
TRINITY_DN44685_c0_g1::TRINITY_DN44685_c0_g1_i1::g.115613::m.115613	1.13	1.14	387.60	13296467.5	1	1	1	9.71	103	25080
TRINITY_DN11354_c0_g1::TRINITY_DN11354_c0_g1_i1::g.98678::m.98678	1.13	0.95	312.70	49749378.7	10	1	0	4.43	158	1743
TRINITY_DN564_c0_g1::TRINITY_DN564_c0_g1_i15::g.81949::m.81949	1.12	1.11	300.50	1080428.7	2	1	0	5.66	106	30599
TRINITY_DN47460_c0_g1::TRINITY_DN47460_c0_g1_i1::g.46692::m.46692	1.11	1.12	352.70	2741957.5	1	1	0	6.58	152	26539
TRINITY_DN5091_c0_g1::TRINITY_DN5091_c0_g1_i10::g.109191::m.109191	1.09	0.51	288.00	166057823.0	36	6	2	2.44	2214	28151
TRINITY_DN427_c0_g1::TRINITY_DN427_c0_g1_i7::g.9968::m.9968	1.09	1.15	290.90	29877913.1	2	2	1	1.06	1703	24157
TRINITY_DN1829_c1_g2::TRINITY_DN1829_c1_g2_i1::g.102480::m.102480	1.07	1.08	332.10	17820097.7	1	1	0	3.24	278	8694
TRINITY_DN14073_c0_g1::TRINITY_DN14073_c0_g1_i1::g.122802::m.122802	1.07	1.05	334.00	3235948.4	2	1	0	2.20	227	4754
TRINITY_DN6636_c0_g1::TRINITY_DN6636_c0_g1_i1::g.74407::m.74407	1.06	1.08	343.40	1280715.2	1	1	0	1.92	520	34602
TRINITY_DN13895_c0_g1::TRINITY_DN13895_c0_g1_i1::g.19130::m.19130	1.05	1.05	360.90	2335699.4	1	1	1	5.50	200	4561
TRINITY_DN1737_c0_g1::TRINITY_DN1737_c0_g1_i1::g.71966::m.71966	1.04	1.05	386.50	17893077.7	1	1	0	3.56	225	7912
TRINITY_DN8052_c0_g1::TRINITY_DN8052_c0_g1_i11::g.40142::m.40142	1.03	0.53	345.30	74340121.8	6	3	3	1.34	897	38824
TRINITY_DN3976_c0_g2::TRINITY_DN3976_c0_g2_i2::g.33881::m.33881	1.02	0.99	326.10	2002951.1	2	2	0	5.72	297	22557
TRINITY_DN2216_c0_g1::TRINITY_DN2216_c0_g1_i1::g.113164::m.113164	1.01	1.00	594.30	10652120.6	2	2	0	3.52	454	11727
TRINITY_DN4213_c0_g1::TRINITY_DN4213_c0_g1_i2::g.17672::m.17672	1.01	1.02	349.70	4824369.3	1	1	0	2.83	247	23855
TRINITY_DN19240_c0_g1::TRINITY_DN19240_c0_g1_i1::g.64905::m.64905	1.00	1.03	305.20	2510900.5	1	1	1	1.46	686	9438
TRINITY_DN45621_c0_g3::TRINITY_DN45621_c0_g3_i1::g.64724::m.64724	0.99	1.00	282.50	1243642.7	1	1	0	5.46	293	25596
TRINITY_DN4299_c0_g1::TRINITY_DN4299_c0_g1_i10::g.17813::m.17813	0.99	0.99	288.30	606780.6	1	1	0	4.86	185	24227
TRINITY_DN348_c0_g1::TRINITY_DN348_c0_g1_i16::g.105245::m.105245	0.98	0.99	227.40	19836689.7	5	3	1	5.90	525	19992
TRINITY_DN4703_c0_g1::TRINITY_DN4703_c0_g1_i5::g.1283::m.1283	81.41	11.90	892.30	39415618.6	19	15	15	13.64	1591	26303
TRINITY_DN1521_c0_g1::TRINITY_DN1521_c0_g1_i10::g.93804::m.93804	79.78	9.50	709.60	188813895.7	51	30	7	17.61	1516	5897
TRINITY_DN2366_c0_g1::TRINITY_DN2366_c0_g1_i2::g.62183::m.62183	64.67	8.50	676.40	188584533.1	60	55	2	17.37	2804	12859
TRINITY_DN66249_c0_g1::TRINITY_DN66249_c0_g1_i2::g.90563::m.90563	51.89	12.05	896.80	159531139.2	24	17	15	10.07	1380	34553
TRINITY_DN4091_c0_g1::TRINITY_DN4091_c0_g1_i4::g.34642::m.34642	51.80	11.19	822.70	94566129.4	22	15	12	8.14	1610	23187
TRINITY_DN7187_c0_g1::TRINITY_DN7187_c0_g1_i4::g.116238::m.116238	45.86	9.29	739.70	419135500.3	18	13	12	10.34	1393	36600
TRINITY_DN3307_c0_g1::TRINITY_DN3307_c0_g1_i2::g.91834::m.91834	45.85	8.50	655.90	124246654.9	20	14	11	9.95	1377	18923
TRINITY_DN8038_c0_g1::TRINITY_DN8038_c0_g1_i6::g.40108::m.40108	43.19	7.41	622.60	54708152.1	13	11	1	9.27	1122	38781
TRINITY_DN261_c0_g4::TRINITY_DN261_c0_g4_i1::g.30938::m.30938	37.59	8.92	745.30	75160092.1	26	8	4	23.50	217	14553
TRINITY_DN1338_c0_g1::TRINITY_DN1338_c0_g1_i2::g.114638::m.114638	37.46	9.05	738.80	621529287.3	63	17	6	40.49	489	3966
TRINITY_DN3398_c0_g1::TRINITY_DN3398_c0_g1_i11::g.91967::m.91967	34.75	12.04	856.30	87269925.4	16	10	3	31.23	269	19429
TRINITY_DN11341_c0_g1::TRINITY_DN11341_c0_g1_i1::g.98710::m.98710	33.60	15.04	1011.60	909726665.6	85	8	2	32.98	191	1725
TRINITY_DN1932_c0_g1::TRINITY_DN1932_c0_g1_i7::g.54941::m.54941	33.10	7.50	660.30	78393929.9	26	21	1	7.88	2958	9500
TRINITY_DN29130_c0_g1::TRINITY_DN29130_c0_g1_i1::g.19681::m.19681	32.38	9.34	704.60	41009265.7	22	5	2	32.26	248	16486
TRINITY_DN209_c0_g2::TRINITY_DN209_c0_g2_i2::g.31770::m.31770	31.48	8.99	741.10	112356102.4	16	8	6	7.52	1449	10782
TRINITY_DN209_c0_g1::TRINITY_DN209_c0_g1_i2::g.31743::m.31743	31.14	9.46	702.70	8882641.3	6	6	4	4.54	1608	10779
TRINITY_DN41992_c0_g1::TRINITY_DN41992_c0_g1_i2::g.90602::m.90602	25.10	10.76	843.50	1812052090.8	29	6	3	29.08	141	23769
TRINITY_DN3118_c0_g1::TRINITY_DN3118_c0_g1_i3::g.38001::m.38001	23.98	5.79	566.80	34050314.5	12	10	2	11.61	965	17814
TRINITY_DN3398_c0_g1::TRINITY_DN3398_c0_g1_i23::g.91961::m.91961	22.91	9.93	764.70	39769828.3	11	4	0	19.85	262	19430
TRINITY_DN7752_c0_g1::TRINITY_DN7752_c0_g1_i16::g.56138::m.56138	22.85	10.94	858.60	223519722.8	37	7	1	19.34	243	38017
TRINITY_DN41089_c0_g1::TRINITY_DN41089_c0_g1_i1::g.45001::m.45001	22.44	9.48	707.00	48804138.5	16	8	1	23.10	303	23311
TRINITY_DN1521_c0_g1::TRINITY_DN1521_c0_g1_i5::g.93805::m.93805	20.34	5.79	567.40	366250938.9	12	10	2	25.67	448	5898
TRINITY_DN6589_c0_g1::TRINITY_DN6589_c0_g1_i1::g.49149::m.49149	20.08	3.91	544.20	54637612.7	13	10	1	9.21	934	34438
TRINITY_DN35676_c0_g1::TRINITY_DN35676_c0_g1_i1::g.67356::m.67356	19.34	7.03	712.70	24169873.7	9	8	0	19.66	407	20400
TRINITY_DN5014_c0_g1::TRINITY_DN5014_c0_g1_i1::g.109029::m.109029	18.83	7.45	626.60	19455602.6	13	7	1	34.48	174	27785
TRINITY_DN2851_c0_g3::TRINITY_DN2851_c0_g3_i2::g.53292::m.53292	18.59	6.35	594.00	40046898.7	14	8	1	25.46	271	16056
TRINITY_DN1228_c0_g1::TRINITY_DN1228_c0_g1_i3::g.85341::m.85341	18.33	8.13	680.40	19078769.1	9	9	5	5.78	1971	2828
TRINITY_DN2216_c0_g1::TRINITY_DN2216_c0_g1_i2::g.113162::m.113162	17.56	8.39	691.50	18643086.8	8	5	0	10.26	419	11728
TRINITY_DN21_c0_g4::TRINITY_DN21_c0_g4_i1::g.3027::m.3027	17.44	4.67	494.20	94842854.4	12	10	2	19.95	376	11630
TRINITY_DN4023_c0_g1::TRINITY_DN4023_c0_g1_i1::g.35045::m.35045	17.37	5.74	620.30	20985744.6	8	6	0	8.79	694	22851
TRINITY_DN23027_c0_g1::TRINITY_DN23027_c0_g1_i9::g.122184::m.122184	17.34	7.41	648.70	137169352.6	23	5	1	13.89	288	12364
TRINITY_DN16795_c0_g1::TRINITY_DN16795_c0_g1_i1::g.119606::m.119606	16.90	9.35	719.50	15195859.1	6	4	1	22.16	185	7350
TRINITY_DN2344_c0_g1::TRINITY_DN2344_c0_g1_i1::g.61960::m.61960	16.63	6.45	595.10	25819414.7	8	6	1	15.62	461	12707
TRINITY_DN26_c0_g1::TRINITY_DN26_c0_g1_i4::g.3083::m.3083	16.03	6.50	588.80	11230711.1	9	6	0	13.93	560	15145
TRINITY_DN648_c1_g1::TRINITY_DN648_c1_g1_i10::g.36676::m.36676	14.83	4.17	607.20	31285360.5	6	5	0	17.73	282	34055
TRINITY_DN4928_c4_g1::TRINITY_DN4928_c4_g1_i2::g.107846::m.107846	14.19	6.45	596.60	31576457.1	11	10	0	17.32	462	27392
TRINITY_DN60890_c0_g1::TRINITY_DN60890_c0_g1_i1::g.87043::m.87043	14.02	11.37	854.80	14681225.8	4	3	0	15.85	164	32374
TRINITY_DN52404_c0_g2::TRINITY_DN52404_c0_g2_i3::g.55310::m.55310	13.71	5.82	563.60	27228740.1	7	4	0	12.21	262	28917
TRINITY_DN12671_c0_g1::TRINITY_DN12671_c0_g1_i1::g.35401::m.35401	13.53	3.90	578.20	96257399.7	9	6	0	30.91	165	3243
TRINITY_DN4252_c0_g2::TRINITY_DN4252_c0_g2_i11::g.17603::m.17603	13.31	4.08	572.70	45985616.1	18	7	0	50.48	103	24030
TRINITY_DN30870_c0_g1::TRINITY_DN30870_c0_g1_i1::g.111318::m.111318	13.03	4.05	501.10	22484861.3	12	10	3	14.60	507	17540
TRINITY_DN4796_c0_g1::TRINITY_DN4796_c0_g1_i6::g.1432::m.1432	13.01	5.28	517.80	54926379.8	9	8	0	25.66	304	26742
TRINITY_DN26_c0_g1::TRINITY_DN26_c0_g1_i3::g.3085::m.3085	12.62	11.48	866.80	9823186.0	3	2	2	4.26	705	15144
TRINITY_DN4671_c1_g1::TRINITY_DN4671_c1_g1_i1::g.99309::m.99309	12.38	6.14	612.10	71415225.9	10	8	1	4.23	1962	26085
TRINITY_DN4322_c0_g1::TRINITY_DN4322_c0_g1_i2::g.43308::m.43308	12.32	5.58	505.70	38590235.6	13	9	2	4.84	2415	24339
TRINITY_DN3976_c0_g2::TRINITY_DN3976_c0_g2_i2::g.33881::m.33881	12.06	4.73	594.90	152591210.5	23	11	1	22.22	297	22557
TRINITY_DN3194_c1_g1::TRINITY_DN3194_c1_g1_i2::g.37989::m.37989	11.90	4.37	504.80	8374645.9	5	5	1	36.24	149	18325
TRINITY_DN2096_c0_g1::TRINITY_DN2096_c0_g1_i6::g.8413::m.8413	11.82	10.37	834.90	14520534.8	5	5	1	2.35	1912	10764
TRINITY_DN2035_c0_g1::TRINITY_DN2035_c0_g1_i2::g.8174::m.8174	11.44	4.02	495.60	10683762.3	6	5	1	5.99	852	10308
TRINITY_DN82_c3_g1::TRINITY_DN82_c3_g1_i10::g.2703::m.2703	11.25	4.21	657.50	28018794.1	10	9	1	5.25	1942	39390
TRINITY_DN1875_c0_g1::TRINITY_DN1875_c0_g1_i1::g.101805::m.101805	11.25	4.23	550.00	68809086.0	11	7	0	10.72	653	9064
TRINITY_DN5373_c0_g1::TRINITY_DN5373_c0_g1_i15::g.118094::m.118094	11.12	3.90	489.60	5303243.4	6	6	2	14.32	447	29419
TRINITY_DN6419_c0_g1::TRINITY_DN6419_c0_g1_i6::g.97183::m.97183	11.00	3.08	520.10	49807591.6	7	5	0	26.26	198	33795
TRINITY_DN268_c5_g1::TRINITY_DN268_c5_g1_i1::g.30863::m.30863	10.47	2.94	436.00	6511705.7	7	5	0	9.12	691	15049
TRINITY_DN1772_c0_g1::TRINITY_DN1772_c0_g1_i9::g.72338::m.72338	9.80	4.58	564.20	50704314.4	10	9	2	6.38	1239	8254
TRINITY_DN6398_c0_g2::TRINITY_DN6398_c0_g2_i2::g.67294::m.67294	9.77	9.74	786.10	12177157.6	3	1	1	13.45	171	33687
TRINITY_DN111_c0_g1::TRINITY_DN111_c0_g1_i9::g.76699::m.76699	9.63	7.39	649.00	66233921.9	3	2	0	9.58	240	1560
TRINITY_DN1036_c0_g2::TRINITY_DN1036_c0_g2_i1::g.104529::m.104529	9.33	5.13	560.00	8225744.4	4	2	0	14.21	190	538
TRINITY_DN2512_c0_g1::TRINITY_DN2512_c0_g1_i4::g.45459::m.45459	9.27	4.31	487.00	73030118.1	10	8	5	4.37	1741	13811
TRINITY_DN261_c0_g1::TRINITY_DN261_c0_g1_i21::g.30931::m.30931	9.09	4.86	596.90	54275664.2	7	3	0	14.75	183	14546
TRINITY_DN4861_c0_g1::TRINITY_DN4861_c0_g1_i1::g.78298::m.78298	9.02	6.41	587.90	1686673.5	2	2	0	6.46	449	27089
TRINITY_DN2042_c0_g1::TRINITY_DN2042_c0_g1_i2::g.8370::m.8370	8.98	5.20	560.60	17068951.2	7	5	0	4.82	1140	10369
TRINITY_DN5124_c0_g1::TRINITY_DN5124_c0_g1_i9::g.16742::m.16742	8.50	4.61	561.00	1808751.4	4	4	0	5.80	759	28291
TRINITY_DN6006_c0_g1::TRINITY_DN6006_c0_g1_i1::g.14625::m.14625	8.35	8.37	657.30	1051934.5	2	2	1	5.97	486	32059
TRINITY_DN43959_c0_g1::TRINITY_DN43959_c0_g1_i1::g.68198::m.68198	7.76	4.81	561.50	14086614.4	4	4	1	5.94	690	24745
TRINITY_DN360_c0_g1::TRINITY_DN360_c0_g1_i8::g.104967::m.104967	7.56	7.50	602.10	3442271.0	2	2	0	6.55	275	20623
TRINITY_DN1746_c0_g1::TRINITY_DN1746_c0_g1_i1::g.71458::m.71458	7.47	4.31	487.10	5208427.6	3	3	0	6.27	622	8005
TRINITY_DN588_c1_g1::TRINITY_DN588_c1_g1_i4::g.82432::m.82432	7.28	5.02	564.80	9473559.0	7	6	0	12.55	486	31619
TRINITY_DN6324_c0_g1::TRINITY_DN6324_c0_g1_i1::g.67217::m.67217	7.17	5.65	545.40	9890404.5	4	3	0	10.84	332	33394
TRINITY_DN17483_c0_g1::TRINITY_DN17483_c0_g1_i2::g.117071::m.117071	7.08	5.18	471.80	10464769.1	4	4	0	5.26	703	8014
TRINITY_DN992_c0_g1::TRINITY_DN992_c0_g1_i12::g.88122::m.88122	7.00	5.65	482.90	6356141.2	3	2	0	15.67	134	45239
TRINITY_DN1853_c0_g1::TRINITY_DN1853_c0_g1_i7::g.102319::m.102319	6.85	5.32	591.40	32958274.0	7	5	0	7.81	512	8903
TRINITY_DN104_c3_g1::TRINITY_DN104_c3_g1_i1::g.76389::m.76389	6.63	6.36	638.50	39057387.7	6	4	0	2.92	857	700
TRINITY_DN47460_c0_g1::TRINITY_DN47460_c0_g1_i1::g.46692::m.46692	6.54	5.10	450.90	1531121.4	2	2	0	14.47	152	26539
TRINITY_DN3700_c0_g1::TRINITY_DN3700_c0_g1_i1::g.51537::m.51537	6.51	6.52	693.50	12098730.5	2	2	0	9.55	178	21087
TRINITY_DN111_c0_g1::TRINITY_DN111_c0_g1_i4::g.76705::m.76705	6.43	1.66	519.30	56543130.9	11	10	0	9.34	1028	1558
TRINITY_DN3964_c0_g1::TRINITY_DN3964_c0_g1_i16::g.34178::m.34178	6.42	5.10	476.00	4367805.6	3	3	0	1.01	3168	22481
TRINITY_DN1206_c10_g1::TRINITY_DN1206_c10_g1_i1::g.86263::m.86263	6.36	4.02	479.20	17982319.7	5	5	1	35.62	146	2600
TRINITY_DN1700_c0_g1::TRINITY_DN1700_c0_g1_i9::g.71466::m.71466	6.33	6.33	609.00	2460676.5	1	1	0	8.97	145	7571
TRINITY_DN5232_c0_g1::TRINITY_DN5232_c0_g1_i1::g.42288::m.42288	6.33	4.89	605.10	9025786.3	4	3	0	6.93	274	28868
TRINITY_DN6134_c0_g1::TRINITY_DN6134_c0_g1_i4::g.90008::m.90008	6.04	6.03	594.70	3753848.8	2	1	0	11.88	101	32621
TRINITY_DN16986_c0_g1::TRINITY_DN16986_c0_g1_i2::g.27281::m.27281	5.99	3.11	519.70	19998456.5	8	6	0	2.49	2409	7530
TRINITY_DN4669_c5_g2::TRINITY_DN4669_c5_g2_i7::g.99076::m.99076	5.99	3.10	466.90	94053734.9	5	5	0	12.59	286	26073
TRINITY_DN68176_c0_g1::TRINITY_DN68176_c0_g1_i1::g.117593::m.117593	5.87	3.78	555.30	176335371.2	33	2	1	5.88	119	35259
TRINITY_DN3898_c0_g1::TRINITY_DN3898_c0_g1_i5::g.4793::m.4793	5.84	2.30	521.10	16514160.0	4	3	0	10.92	284	22188
TRINITY_DN6751_c0_g1::TRINITY_DN6751_c0_g1_i2::g.29667::m.29667	5.66	5.65	490.20	4818514.2	2	1	0	10.37	135	35018
TRINITY_DN2934_c0_g1::TRINITY_DN2934_c0_g1_i18::g.6267::m.6267	5.65	2.45	528.70	12059097.2	6	4	0	17.52	234	16605
TRINITY_DN1994_c0_g2::TRINITY_DN1994_c0_g2_i11::g.54803::m.54803	5.59	5.59	494.50	1244698.9	1	1	0	5.85	205	9934
TRINITY_DN92373_c0_g1::TRINITY_DN92373_c0_g1_i1::g.13849::m.13849	5.50	4.06	531.70	12124791.4	4	3	0	6.75	400	43156
TRINITY_DN4242_c0_g1::TRINITY_DN4242_c0_g1_i10::g.17662::m.17662	5.47	5.47	520.90	5677691.1	3	3	2	9.59	386	23994
TRINITY_DN52711_c0_g1::TRINITY_DN52711_c0_g1_i1::g.40359::m.40359	5.45	5.45	534.10	778674.5	1	1	0	12.15	107	29036
TRINITY_DN21807_c0_g1::TRINITY_DN21807_c0_g1_i3::g.34345::m.34345	5.40	4.19	498.20	30134243.2	6	5	1	11.08	397	11486
TRINITY_DN298_c0_g2::TRINITY_DN298_c0_g2_i2::g.31240::m.31240	5.38	3.58	493.10	19574738.5	6	6	1	15.56	347	16989
TRINITY_DN47849_c2_g1::TRINITY_DN47849_c2_g1_i1::g.74739::m.74739	5.38	3.76	472.10	17376923.1	3	3	0	9.28	291	26680
TRINITY_DN31932_c0_g1::TRINITY_DN31932_c0_g1_i4::g.18757::m.18757	5.31	2.16	428.20	9951304.5	5	4	0	8.45	485	18317
TRINITY_DN3260_c1_g1::TRINITY_DN3260_c1_g1_i1::g.61226::m.61226	5.29	3.13	490.90	2761017.4	3	3	0	8.64	359	18665
TRINITY_DN3421_c0_g1::TRINITY_DN3421_c0_g1_i3::g.44188::m.44188	5.28	5.29	576.30	909566.5	1	1	0	7.56	172	19555
TRINITY_DN7147_c0_g1::TRINITY_DN7147_c0_g1_i4::g.116117::m.116117	5.25	3.72	485.90	12091198.6	4	4	0	11.17	358	36486
TRINITY_DN3260_c0_g1::TRINITY_DN3260_c0_g1_i10::g.61198::m.61198	5.20	3.10	519.50	27440251.3	7	4	0	7.16	684	18654
TRINITY_DN190_c0_g1::TRINITY_DN190_c0_g1_i1::g.77179::m.77179	5.20	5.20	452.50	598257.6	1	1	0	4.74	274	9342
TRINITY_DN1121_c0_g2::TRINITY_DN1121_c0_g2_i1::g.11906::m.11906	5.16	1.61	436.00	14011258.6	7	6	1	7.54	743	1570
TRINITY_DN3155_c0_g2::TRINITY_DN3155_c0_g2_i1::g.37800::m.37800	5.14	4.85	623.10	52931097.5	7	3	0	17.65	153	18049
TRINITY_DN3726_c0_g1::TRINITY_DN3726_c0_g1_i2::g.51516::m.51516	5.13	5.14	461.30	632377.9	1	1	0	7.05	227	21233
TRINITY_DN95054_c0_g1::TRINITY_DN95054_c0_g1_i1::g.53980::m.53980	5.12	5.12	470.90	3407509.2	1	1	0	9.09	165	44230
TRINITY_DN9053_c0_g1::TRINITY_DN9053_c0_g1_i1::g.64283::m.64283	5.04	3.28	587.80	5595934.7	3	3	0	15.08	199	42453
TRINITY_DN4004_c0_g1::TRINITY_DN4004_c0_g1_i10::g.34896::m.34896	4.94	3.00	508.50	4704949.4	3	2	0	10.26	195	22738
TRINITY_DN348_c0_g1::TRINITY_DN348_c0_g1_i20::g.105236::m.105236	4.93	2.69	582.00	17004081.2	5	5	1	7.72	492	19994
TRINITY_DN28715_c0_g1::TRINITY_DN28715_c0_g1_i6::g.937::m.937	4.92	1.79	456.20	45015997.0	6	5	1	9.52	441	16208
TRINITY_DN20341_c0_g1::TRINITY_DN20341_c0_g1_i3::g.97666::m.97666	4.87	3.61	460.20	8076900.5	4	3	1	5.14	486	10293
TRINITY_DN1737_c0_g1::TRINITY_DN1737_c0_g1_i1::g.71966::m.71966	4.54	3.66	439.30	8604832.4	2	2	0	8.00	225	7912
TRINITY_DN3812_c0_g1::TRINITY_DN3812_c0_g1_i2::g.4515::m.4515	4.41	4.37	494.40	24879417.5	9	5	1	2.33	2148	21706
TRINITY_DN2052_c0_g1::TRINITY_DN2052_c0_g1_i2::g.8062::m.8062	4.29	4.28	482.20	8633050.9	2	1	0	10.40	125	10429
TRINITY_DN44765_c0_g1::TRINITY_DN44765_c0_g1_i4::g.66584::m.66584	4.27	2.48	406.30	4394202.1	5	5	0	7.10	747	25145
TRINITY_DN1027_c0_g1::TRINITY_DN1027_c0_g1_i4::g.103494::m.103494	4.22	2.11	435.60	25627490.5	5	5	2	5.13	878	399
TRINITY_DN60605_c0_g1::TRINITY_DN60605_c0_g1_i1::g.55574::m.55574	4.08	4.13	545.10	9173649.1	3	3	0	1.14	2286	32239
TRINITY_DN4625_c0_g1::TRINITY_DN4625_c0_g1_i1::g.99150::m.99150	4.03	2.78	511.00	11584505.6	3	3	0	11.02	245	25860
TRINITY_DN53901_c0_g1::TRINITY_DN53901_c0_g1_i6::g.21888::m.21888	3.96	2.51	474.60	3346369.4	3	2	0	6.09	394	29533
TRINITY_DN2263_c0_g1::TRINITY_DN2263_c0_g1_i4::g.113394::m.113394	3.90	3.91	384.80	16794548.9	2	2	0	1.21	746	12034
TRINITY_DN4230_c0_g1::TRINITY_DN4230_c0_g1_i3::g.17688::m.17688	3.90	3.85	429.30	615665.3	2	2	0	3.44	552	23947
TRINITY_DN204_c0_g1::TRINITY_DN204_c0_g1_i2::g.31458::m.31458	3.84	3.85	448.10	11167062.3	1	1	0	3.40	324	10413
TRINITY_DN10018_c0_g1::TRINITY_DN10018_c0_g1_i2::g.40557::m.40557	3.81	3.63	413.70	5096863.9	5	3	1	7.65	366	28
TRINITY_DN5096_c0_g1::TRINITY_DN5096_c0_g1_i2::g.108692::m.108692	3.78	3.79	447.90	626696.7	1	1	0	7.36	163	28171
TRINITY_DN6570_c0_g1::TRINITY_DN6570_c0_g1_i2::g.49053::m.49053	3.76	2.00	463.70	1876703.0	2	2	0	1.81	994	34370
TRINITY_DN37357_c0_g1::TRINITY_DN37357_c0_g1_i19::g.20205::m.20205	3.71	3.72	603.30	17644137.0	2	2	0	3.45	348	21279
TRINITY_DN503_c0_g1::TRINITY_DN503_c0_g1_i1::g.82125::m.82125	3.71	1.77	376.70	11572936.4	6	6	2	7.95	755	27877
TRINITY_DN9360_c0_g1::TRINITY_DN9360_c0_g1_i3::g.120874::m.120874	3.54	3.54	424.50	1661868.7	1	1	1	7.55	159	43693
TRINITY_DN15145_c0_g1::TRINITY_DN15145_c0_g1_i2::g.29519::m.29519	3.47	3.45	417.10	1706701.2	2	1	0	3.64	275	5833
TRINITY_DN30820_c0_g1::TRINITY_DN30820_c0_g1_i1::g.111352::m.111352	3.37	2.98	470.60	15463256.9	6	4	0	19.85	136	17503
TRINITY_DN690_c0_g1::TRINITY_DN690_c0_g1_i3::g.35952::m.35952	3.34	1.89	441.80	10246627.5	2	2	0	4.54	463	35603
TRINITY_DN8112_c0_g1::TRINITY_DN8112_c0_g1_i1::g.65189::m.65189	3.22	3.16	486.60	3560043.4	2	2	0	8.60	221	38959
TRINITY_DN7816_c1_g1::TRINITY_DN7816_c1_g1_i5::g.10779::m.10779	3.22	1.63	472.00	3179069.1	2	2	1	1.25	880	38213
TRINITY_DN19449_c0_g2::TRINITY_DN19449_c0_g2_i1::g.97056::m.97056	3.12	3.13	489.50	2414743.0	1	1	0	3.77	292	9572
TRINITY_DN729_c0_g3::TRINITY_DN729_c0_g3_i2::g.109601::m.109601	3.07	3.01	507.40	7372436.4	3	3	1	11.29	372	36893
TRINITY_DN16795_c0_g1::TRINITY_DN16795_c0_g1_i3::g.119604::m.119604	3.03	1.78	524.80	14189418.4	3	3	0	15.94	207	7351
TRINITY_DN195_c0_g1::TRINITY_DN195_c0_g1_i1::g.77683::m.77683	3.00	1.61	438.90	926924.0	2	2	1	2.91	378	9656
TRINITY_DN39562_c0_g1::TRINITY_DN39562_c0_g1_i5::g.73233::m.73233	2.95	2.61	412.20	4043550.2	3	3	0	11.00	209	22440
TRINITY_DN21242_c0_g1::TRINITY_DN21242_c0_g1_i2::g.96056::m.96056	2.95	2.95	319.60	328801.3	1	1	0	7.14	154	11006
TRINITY_DN67854_c0_g1::TRINITY_DN67854_c0_g1_i1::g.55690::m.55690	2.94	2.95	423.40	810952.7	1	1	0	6.01	183	35136
TRINITY_DN729_c0_g2::TRINITY_DN729_c0_g2_i1::g.109598::m.109598	2.91	1.61	409.80	12998219.2	2	2	0	2.17	968	36891
TRINITY_DN228_c1_g1::TRINITY_DN228_c1_g1_i2::g.30839::m.30839	2.89	1.52	462.60	2815681.7	2	2	0	2.08	1252	12270
TRINITY_DN744_c1_g1::TRINITY_DN744_c1_g1_i5::g.109640::m.109640	2.83	2.78	500.80	1733532.8	2	2	0	4.28	514	37243
TRINITY_DN28715_c0_g1::TRINITY_DN28715_c0_g1_i7::g.931::m.931	2.82	2.81	444.80	11327765.0	2	1	0	1.84	490	16209
TRINITY_DN744_c0_g1::TRINITY_DN744_c0_g1_i1::g.109636::m.109636	2.79	1.37	457.30	5160152.1	4	3	0	22.76	123	37240
TRINITY_DN4340_c0_g1::TRINITY_DN4340_c0_g1_i6::g.43144::m.43144	2.77	2.28	481.40	35297441.7	5	5	0	6.22	579	24456
TRINITY_DN16377_c0_g1::TRINITY_DN16377_c0_g1_i2::g.13578::m.13578	2.75	1.38	356.30	25033958.3	5	5	0	7.88	482	6968
TRINITY_DN37560_c0_g1::TRINITY_DN37560_c0_g1_i1::g.95948::m.95948	2.74	2.72	523.40	19080790.6	2	1	0	9.26	108	21373
TRINITY_DN17290_c0_g1::TRINITY_DN17290_c0_g1_i5::g.86876::m.86876	2.73	2.71	442.50	10137207.1	2	1	0	5.39	167	7804
TRINITY_DN4602_c0_g1::TRINITY_DN4602_c0_g1_i1::g.99381::m.99381	2.70	1.35	469.00	10223659.0	6	4	0	8.52	446	25777
TRINITY_DN39708_c2_g1::TRINITY_DN39708_c2_g1_i1::g.30100::m.30100	2.63	2.63	431.00	661876.3	1	1	0	3.88	232	22522
TRINITY_DN19848_c0_g1::TRINITY_DN19848_c0_g1_i1::g.79393::m.79393	2.54	1.45	401.70	40770821.4	4	2	0	6.83	205	9871
TRINITY_DN2362_c0_g1::TRINITY_DN2362_c0_g1_i1::g.61894::m.61894	2.46	2.09	478.40	17634433.3	3	3	0	15.47	181	12842
TRINITY_DN42056_c0_g1::TRINITY_DN42056_c0_g1_i1::g.69985::m.69985	2.39	2.32	342.30	42412531.0	5	1	0	1.69	532	23802
TRINITY_DN4241_c0_g1::TRINITY_DN4241_c0_g1_i2::g.17681::m.17681	2.37	1.22	319.80	473005.9	2	2	0	5.60	268	23991
TRINITY_DN2994_c0_g1::TRINITY_DN2994_c0_g1_i10::g.6144::m.6144	2.32	2.31	460.30	8502634.7	2	1	0	3.24	278	17014
TRINITY_DN31079_c0_g1::TRINITY_DN31079_c0_g1_i1::g.93656::m.93656	2.32	2.27	313.40	1765162.5	2	2	0	6.84	380	17713
TRINITY_DN4065_c0_g1::TRINITY_DN4065_c0_g1_i1::g.34900::m.34900	2.31	1.41	418.30	5943940.2	3	3	0	4.43	609	23036
TRINITY_DN94892_c0_g1::TRINITY_DN94892_c0_g1_i1::g.100498::m.100498	2.30	2.26	376.00	1078900.1	3	1	0	4.67	214	44139
TRINITY_DN6797_c0_g1::TRINITY_DN6797_c0_g1_i1::g.30048::m.30048	2.27	2.28	477.00	758740.0	1	1	0	3.72	323	35180
TRINITY_DN3834_c0_g1::TRINITY_DN3834_c0_g1_i2::g.4618::m.4618	2.26	2.25	441.50	1202657.0	3	2	1	9.13	230	21830
TRINITY_DN54984_c0_g1::TRINITY_DN54984_c0_g1_i1::g.49776::m.49776	2.21	2.19	461.10	1716377.4	2	1	0	7.19	153	29931
TRINITY_DN3471_c0_g1::TRINITY_DN3471_c0_g1_i3::g.44573::m.44573	2.20	2.21	309.70	292186.3	1	1	0	4.18	311	19882
TRINITY_DN7838_c0_g1::TRINITY_DN7838_c0_g1_i4::g.10842::m.10842	2.19	1.69	448.30	26076999.0	6	5	0	26.95	141	38257
TRINITY_DN4565_c0_g1::TRINITY_DN4565_c0_g1_i1::g.24674::m.24674	2.15	1.95	407.80	4183197.8	3	2	0	3.18	471	25629
TRINITY_DN8817_c0_g1::TRINITY_DN8817_c0_g1_i9::g.83253::m.83253	2.05	2.06	379.30	12946508.5	2	2	0	13.33	150	41522
TRINITY_DN60624_c0_g1::TRINITY_DN60624_c0_g1_i1::g.55563::m.55563	2.05	2.05	397.10	3065771.1	1	1	0	7.14	154	32246
TRINITY_DN10_c0_g1::TRINITY_DN10_c0_g1_i4::g.2797::m.2797	1.98	1.84	360.20	58710085.4	10	3	0	1.79	2008	1309
TRINITY_DN1204_c0_g1::TRINITY_DN1204_c0_g1_i2::g.86265::m.86265	1.90	1.91	417.50	2372296.1	2	2	0	5.76	382	2579
TRINITY_DN3836_c0_g2::TRINITY_DN3836_c0_g2_i1::g.4928::m.4928	1.89	1.90	464.40	7251036.2	1	1	0	2.75	364	21838
TRINITY_DN1041_c0_g1::TRINITY_DN1041_c0_g1_i1::g.104023::m.104023	1.88	1.88	404.50	8208677.3	2	2	0	2.49	523	595
TRINITY_DN2791_c0_g1::TRINITY_DN2791_c0_g1_i11::g.26715::m.26715	1.88	1.88	453.00	883122.3	1	1	0	5.83	206	15701
TRINITY_DN30443_c0_g1::TRINITY_DN30443_c0_g1_i1::g.123826::m.123826	1.81	1.19	292.10	413703296.3	37	1	0	9.80	102	17334
TRINITY_DN295_c0_g1::TRINITY_DN295_c0_g1_i5::g.31922::m.31922	1.72	1.42	434.30	10639180.6	3	2	0	15.15	132	16814
TRINITY_DN357_c0_g2::TRINITY_DN357_c0_g2_i11::g.106115::m.106115	1.69	1.44	431.00	8908789.2	3	3	0	6.01	333	20475
TRINITY_DN71897_c0_g1::TRINITY_DN71897_c0_g1_i2::g.64555::m.64555	1.63	1.64	367.20	4705063.1	1	1	0	2.94	374	36606
TRINITY_DN3064_c0_g1::TRINITY_DN3064_c0_g1_i4::g.80602::m.80602	1.61	1.62	325.50	652867.8	1	1	0	1.92	572	17436
TRINITY_DN19865_c0_g2::TRINITY_DN19865_c0_g2_i1::g.79383::m.79383	1.60	1.59	388.90	4634968.2	2	1	0	5.35	187	9890
TRINITY_DN739_c0_g1::TRINITY_DN739_c0_g1_i2::g.110960::m.110960	1.60	1.58	394.50	1798296.3	2	1	0	6.67	165	37096
TRINITY_DN27605_c0_g1::TRINITY_DN27605_c0_g1_i7::g.21967::m.21967	1.58	1.40	363.90	10279983.4	2	2	0	8.02	187	15539
TRINITY_DN3883_c0_g1::TRINITY_DN3883_c0_g1_i2::g.4966::m.4966	1.55	1.25	396.40	27533462.6	5	2	0	0.82	1342	22112
TRINITY_DN16324_c0_g1::TRINITY_DN16324_c0_g1_i1::g.13613::m.13613	1.53	1.41	527.20	84224653.6	9	3	1	2.99	603	6921
TRINITY_DN5680_c0_g1::TRINITY_DN5680_c0_g1_i1::g.190::m.190	1.52	1.47	407.00	11866385.9	2	2	0	2.40	625	30734
TRINITY_DN10582_c0_g1::TRINITY_DN10582_c0_g1_i1::g.100073::m.100073	1.49	1.40	380.90	10764090.7	4	2	0	2.56	430	840
TRINITY_DN168_c0_g1::TRINITY_DN168_c0_g1_i12::g.76555::m.76555	1.48	1.31	390.50	3406871.3	2	2	0	2.91	619	7466
TRINITY_DN21437_c0_g1::TRINITY_DN21437_c0_g1_i7::g.62::m.62	1.48	1.49	360.00	1754045.4	1	1	0	3.88	258	11184
TRINITY_DN14690_c0_g1::TRINITY_DN14690_c0_g1_i2::g.18282::m.18282	1.47	1.46	337.30	5188444.0	2	1	0	3.92	255	5364
TRINITY_DN51124_c0_g1::TRINITY_DN51124_c0_g1_i2::g.68803::m.68803	1.47	1.45	370.80	14550439.6	2	1	1	6.84	117	28248
TRINITY_DN43315_c0_g1::TRINITY_DN43315_c0_g1_i1::g.55509::m.55509	1.47	1.47	475.00	10946937.6	1	1	0	4.42	181	24389
TRINITY_DN41407_c1_g1::TRINITY_DN41407_c1_g1_i1::g.28498::m.28498	1.47	1.40	422.70	2548785.5	2	2	0	14.71	102	23505
TRINITY_DN1467_c2_g1::TRINITY_DN1467_c2_g1_i3::g.63655::m.63655	1.45	1.18	353.60	51932679.3	7	6	0	2.93	1504	5355
TRINITY_DN19086_c0_g1::TRINITY_DN19086_c0_g1_i1::g.113845::m.113845	1.44	1.38	434.20	2998874.1	2	2	0	9.80	204	9330
TRINITY_DN4465_c0_g1::TRINITY_DN4465_c0_g1_i1::g.119354::m.119354	1.44	1.44	392.90	16347481.6	2	2	0	6.69	314	25062
TRINITY_DN8251_c1_g1::TRINITY_DN8251_c1_g1_i1::g.21020::m.21020	1.44	1.44	376.60	3671961.1	1	1	0	9.82	112	39282
TRINITY_DN3521_c0_g1::TRINITY_DN3521_c0_g1_i4::g.69488::m.69488	1.44	1.45	384.80	2682020.1	1	1	0	2.94	340	20158
TRINITY_DN19586_c0_g1::TRINITY_DN19586_c0_g1_i2::g.97874::m.97874	1.44	1.25	383.20	12545470.0	3	3	0	6.10	410	9645
TRINITY_DN3145_c0_g1::TRINITY_DN3145_c0_g1_i1::g.37344::m.37344	1.43	1.45	347.50	1110951.7	1	1	0	2.03	542	17993
TRINITY_DN364_c0_g1::TRINITY_DN364_c0_g1_i4::g.105541::m.105541	1.43	1.25	260.30	321892904.3	12	2	1	1.33	825	20825
TRINITY_DN2345_c0_g1::TRINITY_DN2345_c0_g1_i10::g.61734::m.61734	1.42	1.43	405.00	5444427.4	2	2	0	3.42	527	12712
TRINITY_DN63286_c0_g1::TRINITY_DN63286_c0_g1_i7::g.34449::m.34449	1.42	1.23	315.70	111003599.6	3	3	0	6.52	353	33398
TRINITY_DN6531_c1_g2::TRINITY_DN6531_c1_g2_i5::g.49305::m.49305	1.41	1.31	367.70	18140268.4	3	2	0	2.44	410	34254
TRINITY_DN48190_c0_g1::TRINITY_DN48190_c0_g1_i2::g.91113::m.91113	1.41	1.43	425.90	3997356.6	1	1	0	0.90	1004	26853
TRINITY_DN1647_c0_g1::TRINITY_DN1647_c0_g1_i1::g.121366::m.121366	1.40	1.34	348.00	131767953.9	6	2	0	1.37	1019	7050
TRINITY_DN37267_c0_g1::TRINITY_DN37267_c0_g1_i4::g.62755::m.62755	1.39	1.33	484.90	4322070.4	2	2	0	8.43	249	21232
TRINITY_DN9732_c0_g1::TRINITY_DN9732_c0_g1_i1::g.80134::m.80134	1.39	1.39	451.70	1140146.2	1	1	0	4.88	164	44941
TRINITY_DN28715_c0_g1::TRINITY_DN28715_c0_g1_i1::g.935::m.935	1.38	1.36	394.20	48361160.0	2	1	0	3.43	233	16204
TRINITY_DN863_c0_g1::TRINITY_DN863_c0_g1_i21::g.15550::m.15550	1.37	1.36	335.30	84019480.7	3	2	0	3.07	685	40852
TRINITY_DN23321_c0_g1::TRINITY_DN23321_c0_g1_i1::g.30210::m.30210	1.34	1.34	307.40	1061820.0	1	1	0	6.29	159	12612
TRINITY_DN6496_c0_g1::TRINITY_DN6496_c0_g1_i1::g.97504::m.97504	1.33	1.34	399.60	1807337.7	1	1	0	3.46	318	34096
TRINITY_DN277_c0_g1::TRINITY_DN277_c0_g1_i5::g.32030::m.32030	1.33	1.35	374.50	17268064.1	2	2	1	1.93	933	15635
TRINITY_DN70088_c0_g3::TRINITY_DN70088_c0_g3_i1::g.22536::m.22536	1.31	1.30	409.70	3857061.4	2	2	0	9.04	188	35975
TRINITY_DN12475_c0_g1::TRINITY_DN12475_c0_g1_i1::g.1057::m.1057	1.30	1.29	451.70	8825820.6	2	1	0	4.33	208	3039
TRINITY_DN272_c16_g1::TRINITY_DN272_c16_g1_i2::g.32023::m.32023	1.30	1.20	415.70	2978016.3	2	2	0	8.92	213	15352
TRINITY_DN652_c1_g2::TRINITY_DN652_c1_g2_i3::g.37071::m.37071	1.29	1.29	255.70	211492.4	1	1	0	10.00	120	34243
TRINITY_DN4640_c0_g1::TRINITY_DN4640_c0_g1_i1::g.99431::m.99431	1.26	1.25	440.20	9698500.8	3	3	1	14.10	234	25909
TRINITY_DN30035_c0_g1::TRINITY_DN30035_c0_g1_i2::g.19773::m.19773	1.25	1.26	332.60	1752215.0	1	1	0	2.95	271	17085
TRINITY_DN19849_c0_g1::TRINITY_DN19849_c0_g1_i2::g.79425::m.79425	1.25	1.25	350.10	26600106.8	1	1	0	4.28	187	9874
TRINITY_DN1353_c0_g1::TRINITY_DN1353_c0_g1_i4::g.114806::m.114806	1.24	1.18	351.00	8011836.4	3	3	0	10.48	210	4184
TRINITY_DN460_c0_g1::TRINITY_DN460_c0_g1_i11::g.9906::m.9906	1.24	1.25	332.20	2376117.0	2	2	0	2.68	710	25792
TRINITY_DN11965_c0_g1::TRINITY_DN11965_c0_g1_i1::g.38819::m.38819	1.21	1.21	285.90	209949.5	1	1	0	9.26	108	2470
TRINITY_DN93830_c0_g1::TRINITY_DN93830_c0_g1_i1::g.68747::m.68747	1.20	1.20	403.20	11439281.3	1	1	0	7.52	133	43771
TRINITY_DN2572_c0_g1::TRINITY_DN2572_c0_g1_i3::g.45954::m.45954	1.18	1.19	420.30	2379938.0	1	1	0	2.73	256	14236
TRINITY_DN62167_c0_g1::TRINITY_DN62167_c0_g1_i13::g.51095::m.51095	1.18	1.16	433.40	11555027.0	2	1	0	6.06	165	32984
TRINITY_DN89359_c0_g1::TRINITY_DN89359_c0_g1_i1::g.74825::m.74825	1.17	1.11	387.70	193667424.5	4	1	0	6.31	111	42019
TRINITY_DN4425_c0_g1::TRINITY_DN4425_c0_g1_i6::g.119116::m.119116	1.14	1.17	370.40	20606736.6	1	1	0	0.87	1033	24900
TRINITY_DN10174_c5_g1::TRINITY_DN10174_c5_g1_i1::g.116567::m.116567	1.12	1.12	306.00	4264283.3	3	2	1	1.21	829	236
TRINITY_DN5570_c0_g1::TRINITY_DN5570_c0_g1_i4::g.98451::m.98451	1.10	0.91	274.00	350969774.0	9	2	1	3.94	254	30262
TRINITY_DN6756_c0_g4::TRINITY_DN6756_c0_g4_i1::g.29942::m.29942	1.10	1.03	375.90	10314149.9	4	3	0	4.26	540	35032
TRINITY_DN7_c0_g1::TRINITY_DN7_c0_g1_i2::g.2452::m.2452	1.09	1.14	282.20	1008448.6	1	1	0	0.62	1607	38685
TRINITY_DN6821_c4_g1::TRINITY_DN6821_c4_g1_i4::g.56932::m.56932	1.09	1.09	319.00	11969215.9	3	2	0	12.06	141	35282
TRINITY_DN15614_c0_g1::TRINITY_DN15614_c0_g1_i2::g.90742::m.90742	1.06	1.07	278.80	109300.1	1	1	0	7.74	168	6289
TRINITY_DN8747_c0_g1::TRINITY_DN8747_c0_g1_i2::g.7763::m.7763	1.05	1.05	441.40	8936970.8	1	1	0	3.02	298	41258
TRINITY_DN39931_c0_g1::TRINITY_DN39931_c0_g1_i1::g.58639::m.58639	1.04	1.05	326.70	734289.8	2	1	0	9.92	131	22667
TRINITY_DN1677_c0_g1::TRINITY_DN1677_c0_g1_i2::g.121443::m.121443	1.02	0.99	341.90	111722266.7	4	1	0	0.73	1092	7339
TRINITY_DN1342_c0_g1::TRINITY_DN1342_c0_g1_i3::g.114260::m.114260	1.01	0.93	388.10	176114983.3	8	3	0	0.76	2618	4017
TRINITY_DN7621_c0_g1::TRINITY_DN7621_c0_g1_i1::g.29032::m.29032	0.99	0.99	296.70	3230645.6	1	1	0	6.35	126	37679
TRINITY_DN45988_c0_g1::TRINITY_DN45988_c0_g1_i1::g.50373::m.50373	0.99	0.99	294.10	237552.7	1	1	0	6.25	208	25758
TRINITY_DN4951_c0_g1::TRINITY_DN4951_c0_g1_i1::g.107965::m.107965	0.98	0.99	344.40	15609291.4	1	1	0	2.79	179	27537
TRINITY_DN15922_c0_g1::TRINITY_DN15922_c0_g1_i1::g.120315::m.120315	0.97	0.96	410.80	8304311.5	2	1	0	3.28	305	6554
TRINITY_DN1770_c0_g3::TRINITY_DN1770_c0_g3_i1::g.71990::m.71990	0.96	0.97	328.80	713242.0	1	1	0	4.33	300	8227
TRINITY_DN25145_c0_g1::TRINITY_DN25145_c0_g1_i1::g.55774::m.55774	0.96	0.17	305.70	759449407.1	67	4	1	2.94	919	13826
TRINITY_DN31280_c0_g1::TRINITY_DN31280_c0_g1_i1::g.122954::m.122954	0.95	0.96	555.00	2411443.6	1	1	0	6.52	184	17878
TRINITY_DN20855_c0_g1::TRINITY_DN20855_c0_g1_i2::g.79683::m.79683	0.95	0.95	300.20	7774362.4	1	1	0	3.28	244	10688
TRINITY_DN6864_c0_g1::TRINITY_DN6864_c0_g1_i5::g.56793::m.56793	0.94	0.95	219.00	149388.6	1	1	0	5.16	349	35445
