sp|K2C1_HUMAN|(Common contaminant protein)	99.85	10.26	881.20	410184199.8	444	41	6	50.86	643	3433263
sp|K1C9_HUMAN|(Common contaminant protein)	64.45	9.86	868.00	218559334.1	381	30	8	38.68	623	3433250
sp|K1C10_HUMAN|(Common contaminant protein)	53.94	8.35	704.40	149656019.5	220	23	3	32.71	593	3433248
sp|K22E_HUMAN|(Common contaminant protein)	44.52	6.52	696.10	67473220.8	223	21	4	35.19	645	3433262
sp|TRYP_PIG|(Common contaminant protein)	35.98	4.68	596.70	3262046722.6	378	30	8	42.42	231	3433290
TRINITY_DN143776_c6_g1_i2|m.994286	5.47	3.30	453.40	32819967.3	52	5	2	28.09	89	599808
TRINITY_DN150594_c0_g1_i2|m.1414709	4.54	2.51	547.50	4263256.0	24	5	1	14.33	300	852671
sp|K1C15_SHEEP|(Common contaminant protein)	4.11	3.94	594.50	3977492.1	9	3	0	7.73	453	3433249
Reverse TRINITY_DN72748_c0_g1_i1|m.5110684	2.79	2.17	401.40	35244022.5	32	1	1	3.08	292	6833977
TRINITY_DN265281_c0_g1_i1|m.4313483	2.02	2.02	485.50	1592336.7	1	1	0	8.87	124	2711936
TRINITY_DN138697_c2_g3_i5|m.1625473	1.35	1.33	462.00	1524594.6	2	1	0	23.53	68	980717
TRINITY_DN161559_c3_g1_i1|m.195597	1.28	1.03	361.70	3713813.7	4	4	1	11.79	280	113642
Reverse TRINITY_DN203603_c0_g1_i1|m.4169890	1.16	1.12	376.60	990232.0	3	1	1	7.44	121	6002583
TRINITY_DN118771_c0_g1_i1|m.2926564	1.04	0.33	415.30	23512994.6	37	1	0	14.58	48	1738033
Reverse TRINITY_DN129848_c0_g1_i1|m.915962	1.03	0.31	479.80	378253627.6	38	1	0	21.05	38	3986160
TRINITY_DN162247_c1_g1_i2|m.152711	0.96	0.42	302.00	38988230.0	28	1	0	0.95	525	87970
TRINITY_DN150671_c0_g4_i1|m.400432	0.88	0.68	368.60	19104816.3	8	2	1	17.24	29	243205
TRINITY_DN145229_c0_g4_i5|m.217535	0.88	0.68	368.60	19104816.3	8	2	1	8.93	56	125502
TRINITY_DN152101_c1_g2_i10|m.621411	0.88	0.68	368.60	19104816.3	8	2	1	1.72	291	373125
TRINITY_DN129233_c0_g1_i1|m.1188408	0.77	0.41	335.30	83671528.0	22	1	0	1.34	599	715769
TRINITY_DN157344_c0_g1_i9|m.3010730	0.73	0.34	288.30	481920657.7	26	1	0	18.60	43	1786137
TRINITY_DN143837_c1_g1_i16|m.142718	0.73	0.46	279.60	1777099.6	15	1	0	11.43	35	81270
Reverse TRINITY_DN174157_c0_g1_i1|m.3580812	0.65	0.07	336.00	33550505.1	31	1	0	3.97	151	5550422
Reverse TRINITY_DN166508_c4_g2_i1|m.1812863	0.65	0.07	336.00	33550505.1	31	1	0	1.33	452	4524880
TRINITY_DN133291_c0_g1_i1|m.1700227	0.61	0.08	353.20	38244666.9	29	1	0	0.87	1039	1025642
Reverse TRINITY_DN71289_c0_g1_i1|m.4939787	0.61	0.28	258.70	2205580.6	20	1	0	9.72	72	6690370
Reverse TRINITY_DN101957_c0_g1_i1|m.2158873	0.59	0.07	257.00	122508544.5	36	1	0	3.24	185	4723635
TRINITY_DN162964_c0_g2_i4|m.247452	0.59	0.59	460.20	240925.7	1	1	1	6.49	77	144122
TRINITY_DN148449_c3_g1_i6|m.262409	0.59	0.59	460.20	240925.7	1	1	1	3.18	157	153573
TRINITY_DN125572_c0_g1_i5|m.2489801	0.58	0.32	381.60	10224116.9	14	1	0	5.22	115	1487167
TRINITY_DN167968_c4_g1_i4|m.1973632	0.55	0.29	319.70	10321097.4	14	1	0	2.92	342	1185841
TRINITY_DN151434_c0_g1_i1|m.3726238	0.52	0.17	324.70	6068692.4	19	1	0	1.17	513	2202890
TRINITY_DN145503_c4_g2_i2|m.1696418	0.51	0.49	474.40	3748009.7	2	1	0	14.63	41	1023345
TRINITY_DN121236_c0_g1_i2|m.283989	0.51	0.49	474.40	3748009.7	2	1	0	10.34	58	167019
TRINITY_DN152105_c0_g1_i1|m.620385	0.51	0.49	474.40	3901610.9	3	2	0	0.51	2546	372515
Reverse TRINITY_DN20670_c0_g1_i1|m.4848146	0.49	0.31	349.50	2145706.5	10	1	0	10.26	78	6613050
TRINITY_DN145535_c0_g1_i1|m.1699124	0.49	0.47	326.90	1051674.5	2	1	0	3.69	271	1024842
Reverse TRINITY_DN167736_c3_g1_i3|m.2456172	0.48	0.40	374.30	1757220.2	5	1	0	17.24	58	4899317
TRINITY_DN150426_c2_g5_i1|m.3312660	0.48	0.07	334.10	64317701.5	22	1	0	29.03	31	1957758
Reverse TRINITY_DN155247_c2_g1_i1|m.2880579	0.47	0.31	346.70	1844581.6	9	1	0	12.50	64	5144625
TRINITY_DN44140_c0_g1_i1|m.4469359	0.47	0.47	264.10	2218844.6	1	1	0	1.86	590	2861579
Reverse TRINITY_DN307542_c0_g1_i1|m.4397284	0.42	0.34	308.00	1640873.1	5	1	0	4.02	249	6228575
TRINITY_DN70880_c0_g1_i1|m.4605998	0.39	0.02	178.50	45297296.0	20	1	0	12.16	74	2976112
Reverse TRINITY_DN187972_c0_g1_i1|m.1328420	0.37	0.26	234.70	1152157.5	7	1	0	13.25	83	4239419
TRINITY_DN154557_c0_g1_i1|m.94424	0.34	0.32	277.00	781560.7	2	1	0	0.27	2236	50777
Reverse TRINITY_DN164837_c0_g3_i1|m.1453430	0.34	0.32	403.50	679609.3	2	1	1	11.11	81	4308875
TRINITY_DN136373_c0_g1_i1|m.317739	0.33	0.28	275.80	2688979.2	4	1	0	0.18	3379	190942
TRINITY_DN97254_c0_g1_i1|m.5056568	0.31	0.03	290.90	1839705.6	21	1	0	10.67	75	3356252
TRINITY_DN166340_c2_g3_i4|m.2411583	0.31	0.02	200.90	1946878.7	17	1	0	0.86	928	1437455
Reverse TRINITY_DN61894_c0_g1_i1|m.4976603	0.31	0.31	285.30	794597.5	1	1	0	2.73	330	6722700
Reverse TRINITY_DN203129_c0_g1_i1|m.3941932	0.30	0.28	360.10	763778.1	2	1	0	15.69	51	5776126
TRINITY_DN39750_c0_g1_i1|m.4965766	0.30	0.28	360.10	763778.1	2	1	0	10.81	74	3279833
Reverse TRINITY_DN165549_c2_g1_i3|m.2552636	0.28	0.02	239.50	34972807.0	23	2	0	0.53	2645	4953687
Reverse TRINITY_DN162209_c1_g1_i1|m.153823	0.27	0.27	355.70	782334.8	1	1	1	2.25	445	3521867
Reverse TRINITY_DN162230_c1_g1_i2|m.152866	0.26	0.07	273.00	6923351.8	14	1	0	10.46	86	3521367
TRINITY_DN74172_c0_g1_i1|m.4729449	0.26	0.26	367.40	474235.1	1	1	0	20.45	44	3080152
TRINITY_DN149746_c1_g3_i1|m.206995	0.25	0.07	359.80	36159587.7	10	3	0	29.41	34	119761
TRINITY_DN98328_c0_g1_i1|m.4838842	0.25	0.07	359.80	36119419.0	9	2	0	13.70	73	3172229
TRINITY_DN162149_c0_g1_i2|m.3615509	0.23	0.13	262.10	22290992.7	6	1	0	4.64	194	2137234
TRINITY_DN162649_c0_g1_i1|m.3898818	0.23	0.03	339.80	9107019.6	11	1	0	21.21	33	2306280
Reverse TRINITY_DN141179_c2_g2_i1|m.604975	0.21	0.21	320.70	237523.8	1	1	0	25.71	35	3795882
TRINITY_DN168155_c2_g2_i1|m.26202	0.21	0.21	365.30	2390557.9	1	1	0	0.15	3361	13926
Reverse TRINITY_DN160276_c0_g1_i1|m.2890558	0.20	0.02	105.40	6818157.6	29	1	0	15.79	57	5149900
TRINITY_DN150594_c0_g1_i2|m.1414709	26.46	3.75	631.00	346922889.3	717	41	17	38.00	300	852671
TRINITY_DN143776_c6_g1_i2|m.994286	18.13	2.42	671.50	1389806282.4	549	9	4	35.95	89	599808
TRINITY_DN156354_c1_g2_i1|m.3168193	14.14	3.38	664.40	167816208.8	361	8	2	30.98	184	1876401
sp|TRYP_PIG|(Common contaminant protein)	11.85	4.02	606.10	2831218308.2	348	15	2	34.63	231	3433290
sp|K2C1_HUMAN|(Common contaminant protein)	10.32	4.35	677.90	37098519.5	219	14	2	21.62	643	3433263
sp|K1C10_HUMAN|(Common contaminant protein)	9.82	3.08	619.30	55037308.4	250	14	1	18.38	593	3433248
TRINITY_DN156354_c1_g1_i1|m.3168171	6.26	2.72	515.50	140661319.8	147	5	1	21.86	183	1876381
TRINITY_DN161559_c3_g1_i3|m.195607	6.22	0.25	486.30	102599784.6	245	14	5	31.94	288	113652
TRINITY_DN150671_c0_g4_i1|m.400432	5.18	1.73	417.90	419679714.3	116	2	1	17.24	29	243205
TRINITY_DN145229_c0_g4_i5|m.217535	5.18	1.73	417.90	419679714.3	116	2	1	8.93	56	125502
TRINITY_DN152101_c1_g2_i10|m.621411	5.18	1.73	417.90	419679714.3	116	2	1	1.72	291	373125
TRINITY_DN145535_c0_g1_i5|m.1699168	5.05	2.03	548.90	86916834.4	115	8	5	11.30	345	1024865
TRINITY_DN158149_c0_g1_i2|m.1361928	3.82	0.22	376.30	92510708.5	155	8	2	13.97	315	825743
TRINITY_DN147194_c1_g1_i5|m.787028	3.76	0.18	408.50	26393938.9	110	18	6	33.48	230	471689
sp|K22E_HUMAN|(Common contaminant protein)	3.62	0.25	551.70	22721555.5	130	8	1	12.87	645	3433262
TRINITY_DN167428_c1_g2_i1|m.1873725	3.55	0.20	380.80	16515692.3	112	15	4	3.49	2976	1126950
sp|K1C9_HUMAN|(Common contaminant protein)	2.47	0.17	516.70	8957452.5	84	8	1	13.00	623	3433250
TRINITY_DN147151_c0_g3_i3|m.786443	1.87	1.26	423.10	2467056.8	25	3	2	6.32	380	471327
Reverse TRINITY_DN108839_c0_g1_i1|m.2326149	1.86	0.11	441.30	115376332.1	91	1	0	2.13	516	4821532
TRINITY_DN150885_c2_g1_i2|m.3141695	1.86	0.27	567.10	17988640.6	73	4	2	8.52	305	1862192
TRINITY_DN12242_c0_g1_i1|m.4469929	1.79	0.17	421.40	24998176.6	75	2	1	1.83	382	2862086
TRINITY_DN114926_c0_g1_i1|m.237265	1.55	0.15	330.30	21561738.2	74	1	0	0.41	1221	138882
TRINITY_DN112798_c0_g2_i1|m.382320	1.53	0.15	330.30	21184476.4	73	1	0	5.68	88	231842
TRINITY_DN165833_c2_g1_i1|m.1860557	1.53	0.17	363.60	12788170.9	69	3	1	14.75	122	1119187
TRINITY_DN146772_c0_g1_i1|m.390902	1.40	0.16	388.40	25049422.0	57	3	1	6.83	322	237241
TRINITY_DN168014_c2_g1_i10|m.3188185	1.37	1.07	400.70	4377158.1	6	3	1	0.21	5243	1887340
TRINITY_DN166095_c1_g3_i3|m.69246	1.33	0.17	417.70	2919194.5	38	5	0	4.30	1116	35272
TRINITY_DN148202_c0_g1_i2|m.1744750	1.29	0.17	303.40	10536391.1	57	1	0	8.93	56	1053842
TRINITY_DN148119_c3_g1_i3|m.774408	1.29	0.17	303.40	10536391.1	57	1	0	8.33	60	462916
TRINITY_DN133236_c0_g1_i2|m.1700792	1.27	0.17	400.00	6642164.1	50	4	1	41.82	55	1026108
TRINITY_DN143937_c0_g1_i2|m.105315	1.26	1.07	400.70	3843222.2	3	2	1	10.42	48	57681
TRINITY_DN144510_c1_g3_i2|m.649292	1.26	1.07	400.70	3843222.2	3	2	1	10.00	50	392388
TRINITY_DN184188_c0_g1_i1|m.1737911	1.24	0.20	345.20	35508897.7	46	2	1	14.71	34	1049931
TRINITY_DN173242_c0_g1_i1|m.1185008	1.18	0.16	271.90	13528704.4	52	1	0	4.92	122	713092
TRINITY_DN171264_c0_g1_i1|m.557056	1.18	0.16	271.90	13528704.4	52	1	0	2.70	222	335894
Reverse TRINITY_DN129848_c0_g1_i1|m.915962	1.07	0.17	445.60	234060800.2	46	1	0	21.05	38	3986160
TRINITY_DN148847_c2_g1_i1|m.572128	0.93	0.17	364.50	124013637.4	39	1	0	10.87	46	343431
TRINITY_DN166606_c4_g1_i1|m.3698582	0.92	0.14	270.70	10781495.5	43	1	0	0.27	1826	2185310
TRINITY_DN146341_c1_g1_i1|m.1339304	0.91	0.17	338.60	8297169.8	38	1	1	5.77	156	813626
TRINITY_DN129233_c0_g1_i1|m.1188408	0.90	0.16	351.00	37491470.7	38	1	0	1.34	599	715769
TRINITY_DN25666_c0_g1_i1|m.4639183	0.77	0.15	456.70	11340595.5	34	1	0	13.24	68	3004577
TRINITY_DN154601_c0_g1_i2|m.655398	0.75	0.16	342.60	6895885.0	33	1	0	8.20	61	396483
Reverse TRINITY_DN19979_c0_g1_i1|m.4684063	0.73	0.17	296.70	45915257.4	29	1	1	19.51	41	6475492
Reverse TRINITY_DN166022_c2_g1_i11|m.65929	0.70	0.16	283.10	7071937.5	28	1	0	1.21	497	3467125
TRINITY_DN162868_c1_g1_i2|m.2920277	0.68	0.17	432.90	1585065.8	14	5	1	4.12	800	1734957
TRINITY_DN160505_c1_g6_i1|m.3395712	0.67	0.12	348.20	6083764.5	30	1	0	3.04	263	2007961
TRINITY_DN161678_c3_g6_i1|m.1910291	0.67	0.17	328.20	4998381.0	26	1	0	1.13	529	1150036
TRINITY_DN141000_c1_g1_i3|m.2443076	0.67	0.17	319.30	3411148.4	26	1	0	10.98	82	1457466
Reverse TRINITY_DN29815_c0_g1_i1|m.5109711	0.66	0.16	439.30	6412699.2	26	1	0	6.25	144	6833204
TRINITY_DN246271_c0_g1_i1|m.3932899	0.64	0.15	314.60	3624773.4	32	1	0	6.06	99	2333836
Reverse TRINITY_DN166699_c3_g2_i1|m.3697169	0.64	0.17	468.90	3621169.5	26	2	2	0.43	2323	5617864
Reverse TRINITY_DN299974_c0_g1_i1|m.4062681	0.63	0.04	273.70	278329504.6	55	1	0	18.39	87	5896137
TRINITY_DN153463_c0_g1_i1|m.1101298	0.63	0.17	262.20	4229690.7	37	2	0	1.47	679	665114
Reverse TRINITY_DN281455_c0_g1_i1|m.4136982	0.63	0.11	188.00	4188192.4	28	2	2	35.29	34	5969892
TRINITY_DN168104_c4_g2_i1|m.30216	0.61	0.17	336.70	4276934.0	23	1	0	11.90	42	15939
TRINITY_DN134983_c0_g1_i1|m.2575028	0.60	0.16	322.20	18636915.3	23	1	0	19.35	31	1532420
TRINITY_DN157835_c0_g1_i2|m.1989346	0.60	0.16	322.20	18636915.3	23	1	0	8.33	72	1195423
Reverse TRINITY_DN132545_c1_g1_i2|m.1886528	0.60	0.11	212.70	243837282.8	28	1	0	12.31	65	4567476
TRINITY_DN167965_c7_g1_i1|m.1966676	0.59	0.17	278.50	1083572.5	13	4	1	1.90	2208	1181791
TRINITY_DN280757_c0_g1_i1|m.4018085	0.59	0.11	238.10	6279217.8	33	2	1	17.14	35	2418444
TRINITY_DN275170_c0_g1_i1|m.4011905	0.59	0.11	184.00	2035592.8	25	1	0	22.22	45	2412312
TRINITY_DN132538_c0_g1_i1|m.1888066	0.58	0.16	347.90	14028704.7	22	1	0	3.59	195	1135229
TRINITY_DN153655_c2_g3_i1|m.1666232	0.57	0.17	326.90	4390373.6	21	1	0	12.77	47	1004307
TRINITY_DN145823_c2_g1_i2|m.291288	0.56	0.11	147.80	2229752.3	25	1	0	7.25	69	172120
TRINITY_DN153709_c1_g1_i1|m.869374	0.56	0.11	147.80	2229752.3	25	1	0	5.32	94	524188
Reverse TRINITY_DN149888_c5_g1_i3|m.3332086	0.55	0.17	312.50	3930711.2	20	1	1	1.94	360	5400607
TRINITY_DN102856_c0_g2_i1|m.3124241	0.54	0.16	300.90	2696397.2	20	2	1	7.89	76	1850285
TRINITY_DN267767_c0_g1_i1|m.4016150	0.54	0.13	265.30	3127518.1	28	1	0	5.71	105	2416511
TRINITY_DN82398_c0_g1_i1|m.4714972	0.54	0.13	265.30	3127518.1	28	1	0	2.34	256	3067739
TRINITY_DN157344_c0_g1_i9|m.3010730	0.53	0.13	249.80	314216968.4	21	1	0	18.60	43	1786137
TRINITY_DN156199_c1_g2_i2|m.520735	0.52	0.17	406.60	10205773.1	20	2	0	2.47	405	313187
TRINITY_DN130814_c0_g1_i1|m.2964417	0.52	0.11	226.30	2040519.0	32	2	1	12.50	56	1761793
TRINITY_DN166781_c4_g1_i3|m.466135	0.51	0.11	250.70	3792874.9	21	1	0	0.10	3826	278934
TRINITY_DN160619_c2_g1_i3|m.2039152	0.50	0.11	182.30	3913444.0	26	1	0	6.67	90	1223576
TRINITY_DN168143_c4_g3_i1|m.30326	0.50	0.14	337.00	15124197.0	21	2	0	1.63	920	15994
TRINITY_DN162390_c0_g1_i2|m.3869772	0.50	0.11	302.20	3910275.2	22	1	0	3.40	235	2287136
TRINITY_DN223148_c0_g1_i1|m.4047124	0.50	0.11	245.40	4389235.3	21	1	0	7.76	116	2447326
TRINITY_DN152343_c1_g3_i1|m.2156432	0.49	0.15	223.60	795812.2	19	1	0	5.76	139	1288382
TRINITY_DN206884_c0_g1_i1|m.4290851	0.49	0.16	273.00	3697013.4	18	1	0	6.31	111	2689426
Reverse TRINITY_DN170931_c0_g1_i1|m.127181	0.49	0.11	277.70	6392955.0	25	1	0	4.09	220	3504655
Reverse TRINITY_DN72748_c0_g1_i1|m.5110684	0.49	0.15	287.50	10210148.5	18	1	1	3.08	292	6833977
TRINITY_DN302071_c0_g1_i1|m.4373462	0.48	0.14	381.10	3088475.0	18	1	0	13.10	84	2771588
TRINITY_DN162309_c0_g1_i7|m.3869616	0.47	0.17	333.90	2034376.3	17	1	1	13.11	61	2287055
Reverse TRINITY_DN7494_c0_g1_i1|m.4614784	0.45	0.14	167.90	4351165.4	17	1	0	1.75	799	6416974
TRINITY_DN146142_c0_g1_i1|m.1979581	0.44	0.11	203.60	2785103.2	18	1	0	3.62	276	1189650
TRINITY_DN41541_c0_g1_i1|m.5102054	0.44	0.14	247.80	2730353.9	16	1	0	12.50	56	3393599
TRINITY_DN5705_c0_g1_i1|m.4957278	0.43	0.14	311.70	2152843.9	17	1	0	8.89	90	3272277
TRINITY_DN134311_c0_g1_i1|m.173690	0.41	0.15	248.50	1276699.7	14	2	0	2.40	416	99795
TRINITY_DN146941_c0_g1_i1|m.1219865	0.41	0.17	310.20	2783014.1	13	1	0	8.08	99	733868
TRINITY_DN167486_c3_g1_i1|m.1880773	0.40	0.12	328.40	2516818.8	22	1	0	0.75	1201	1130419
TRINITY_DN149746_c1_g3_i1|m.206995	0.39	0.11	335.70	15119804.3	12	3	0	29.41	34	119761
TRINITY_DN152476_c0_g2_i1|m.530458	0.39	0.13	299.80	12168243.2	14	1	0	13.33	60	318792
Reverse TRINITY_DN123638_c0_g1_i1|m.1473559	0.39	0.13	299.80	11546303.9	14	1	0	0.97	829	4320434
TRINITY_DN137119_c0_g1_i1|m.71034	0.39	0.17	240.20	2925509.9	12	1	0	3.75	160	36746
TRINITY_DN164641_c3_g1_i1|m.20330	0.38	0.16	244.40	1253951.7	12	2	1	5.97	67	10829
TRINITY_DN205533_c0_g1_i1|m.4051247	0.37	0.11	163.50	1034428.4	15	1	0	19.05	42	2451440
Reverse TRINITY_DN222214_c0_g1_i1|m.4251097	0.37	0.11	255.10	5685587.3	15	1	0	5.43	129	6083182
Reverse TRINITY_DN263706_c0_g1_i1|m.3952589	0.35	0.17	400.80	9638764.6	10	1	0	17.11	76	5786715
TRINITY_DN168235_c2_g1_i1|m.3462863	0.35	0.11	206.70	3230772.0	13	1	0	13.95	43	2048112
TRINITY_DN113798_c0_g2_i1|m.675808	0.35	0.11	206.70	3230772.0	13	1	0	7.14	84	407520
TRINITY_DN153250_c0_g1_i4|m.415729	0.35	0.11	206.70	3230772.0	13	1	0	0.35	1712	252880
TRINITY_DN223786_c0_g1_i1|m.4262219	0.34	0.11	188.80	1641177.0	17	1	1	14.55	55	2660938
Reverse TRINITY_DN69665_c0_g1_i2|m.4919289	0.34	0.16	271.30	766671.5	10	1	1	3.15	286	6672987
TRINITY_DN149792_c0_g1_i1|m.211508	0.34	0.02	180.00	57189622.1	44	1	0	8.96	67	122324
Reverse TRINITY_DN241404_c0_g1_i1|m.4288235	0.34	0.12	302.50	1449348.4	12	1	1	10.00	70	6120126
Reverse TRINITY_DN292469_c0_g1_i1|m.4013287	0.34	0.11	260.20	6952094.5	16	1	0	8.70	92	5846967
Reverse TRINITY_DN149779_c5_g3_i1|m.208145	0.34	0.11	208.40	1278322.9	13	1	0	7.14	84	3553866
sp|K2C1_HUMAN|(Common contaminant protein)	126.85	9.47	812.80	902382334.9	847	42	4	51.17	643	3433263
sp|K1C10_HUMAN|(Common contaminant protein)	83.33	10.51	814.50	530124689.7	617	27	4	34.91	593	3433248
sp|K22E_HUMAN|(Common contaminant protein)	79.78	7.95	704.70	221570599.0	483	29	4	43.41	645	3433262
sp|K1C9_HUMAN|(Common contaminant protein)	78.37	9.99	895.50	309533416.5	605	28	7	33.39	623	3433250
sp|TRYP_PIG|(Common contaminant protein)	22.35	4.46	476.00	3693830948.5	297	21	4	40.26	231	3433290
sp|K1C15_SHEEP|(Common contaminant protein)	5.71	4.99	599.60	12692210.2	51	4	0	7.06	453	3433249
TRINITY_DN143776_c6_g1_i2|m.994286	4.64	2.99	405.10	19803867.4	59	2	1	16.85	89	599808
TRINITY_DN150594_c0_g1_i2|m.1414709	4.01	2.86	429.90	11256791.9	53	5	1	17.00	300	852671
TRINITY_DN265281_c0_g1_i1|m.4313483	2.20	2.13	491.30	2659026.4	5	1	0	8.87	124	2711936
Reverse TRINITY_DN72748_c0_g1_i1|m.5110684	1.51	0.61	387.70	87248630.1	47	1	1	3.08	292	6833977
TRINITY_DN162247_c1_g1_i2|m.152711	1.46	0.38	321.60	107691896.7	56	1	0	0.95	525	87970
TRINITY_DN151434_c0_g1_i1|m.3726238	0.96	0.32	365.30	26111891.3	43	1	0	1.17	513	2202890
TRINITY_DN150671_c0_g4_i1|m.400432	0.83	0.61	327.90	10021952.0	12	1	1	17.24	29	243205
TRINITY_DN145229_c0_g4_i5|m.217535	0.83	0.61	327.90	10021952.0	12	1	1	8.93	56	125502
TRINITY_DN152101_c1_g2_i10|m.621411	0.83	0.61	327.90	10021952.0	12	1	1	1.72	291	373125
TRINITY_DN118771_c0_g1_i1|m.2926564	0.80	0.35	428.00	39925150.3	61	1	0	14.58	48	1738033
TRINITY_DN177131_c0_g1_i1|m.2492762	0.74	0.60	254.20	7340667.4	19	1	1	2.93	443	1489508
Reverse TRINITY_DN140262_c0_g1_i1|m.1944504	0.69	0.61	339.50	7801069.3	8	1	1	3.79	290	4601187
TRINITY_DN143513_c0_g1_i4|m.1156381	0.67	0.51	338.20	2665623.1	18	1	0	1.65	485	696049
sp|KRHB4_HUMAN|(Common contaminant protein)	0.67	0.07	402.00	9970005.2	40	1	0	1.17	600	3433279
TRINITY_DN121236_c0_g1_i2|m.283989	0.66	0.64	397.50	6388455.7	6	1	0	10.34	58	167019
TRINITY_DN145503_c4_g2_i2|m.1696418	0.66	0.64	397.50	6084259.1	5	1	0	14.63	41	1023345
TRINITY_DN152105_c0_g1_i1|m.620385	0.66	0.64	397.50	6388455.7	6	1	0	0.24	2546	372515
Reverse TRINITY_DN167736_c3_g1_i3|m.2456172	0.65	0.60	367.90	1611753.6	7	1	0	17.24	58	4899317
TRINITY_DN125572_c0_g1_i5|m.2489801	0.63	0.35	392.20	33958838.7	29	1	0	5.22	115	1487167
Reverse TRINITY_DN155600_c2_g1_i4|m.3091067	0.55	0.54	420.60	2223007.4	4	1	0	10.59	85	5265180
Reverse TRINITY_DN91977_c0_g1_i1|m.4696050	0.48	0.48	233.80	212596.3	3	1	1	14.29	91	6485783
Reverse TRINITY_DN203129_c0_g1_i1|m.3941932	0.36	0.32	399.10	2302630.1	4	1	0	15.69	51	5776126
TRINITY_DN39750_c0_g1_i1|m.4965766	0.36	0.32	399.10	2302630.1	4	1	0	10.81	74	3279833
Reverse TRINITY_DN129848_c0_g1_i1|m.915962	0.32	0.07	435.20	348905438.3	26	1	0	21.05	38	3986160
Reverse TRINITY_DN20670_c0_g1_i1|m.4848146	0.27	0.13	411.90	4727831.4	18	1	0	10.26	78	6613050
Reverse TRINITY_DN174157_c0_g1_i1|m.3580812	0.19	0.02	353.30	56522107.2	43	1	0	3.97	151	5550422
Reverse TRINITY_DN166508_c4_g2_i1|m.1812863	0.19	0.02	353.30	56522107.2	43	1	0	1.33	452	4524880
TRINITY_DN83397_c0_g1_i1|m.4444617	0.18	0.13	303.70	3472565.9	22	1	0	3.02	398	2840445
TRINITY_DN114469_c0_g1_i1|m.1719472	0.16	0.12	310.90	887655.5	7	1	0	4.62	195	1037791
Reverse TRINITY_DN147419_c5_g1_i2|m.2129483	0.14	0.13	307.00	684473.6	2	1	0	9.85	132	4707292
Reverse TRINITY_DN120987_c0_g2_i1|m.634558	0.13	0.13	378.10	1526833.3	2	1	0	7.84	102	3815624
TRINITY_DN120126_c0_g1_i1|m.109393	0.13	0.12	355.70	1192960.9	2	1	0	1.57	318	60603
Reverse TRINITY_DN163489_c4_g2_i4|m.3568853	0.13	0.13	400.90	1326849.2	1	1	1	2.12	424	5542894
Reverse TRINITY_DN134677_c3_g1_i2|m.986961	0.13	0.13	267.90	1479832.3	9	1	0	0.38	2110	4028071
TRINITY_DN206884_c0_g1_i1|m.4290851	0.13	0.03	370.60	12749602.6	22	1	0	6.31	111	2689426
Reverse TRINITY_DN14146_c0_g1_i1|m.4479953	0.12	0.12	285.20	199497.4	1	1	0	14.81	54	6303492
Reverse TRINITY_DN227736_c0_g1_i1|m.4025783	0.12	0.12	230.80	152486.9	2	1	0	9.28	97	5859382
TRINITY_DN74172_c0_g1_i1|m.4729449	0.12	0.12	402.40	623441.6	3	1	0	20.45	44	3080152
TRINITY_DN154557_c0_g1_i3|m.94495	0.11	0.02	256.50	4506977.2	10	2	0	0.19	5185	50843
Reverse TRINITY_DN141179_c2_g2_i1|m.604975	0.11	0.02	362.90	2979561.1	21	1	0	25.71	35	3795882
TRINITY_DN162291_c2_g2_i2|m.155348	0.11	0.11	300.40	1162810.5	1	1	0	11.90	42	89225
TRINITY_DN143875_c0_g1_i1|m.139885	0.11	0.11	300.40	1162810.5	1	1	0	4.85	103	79413
TRINITY_DN167968_c4_g1_i4|m.1973632	0.11	0.02	355.10	12561459.9	16	1	0	2.92	342	1185841
TRINITY_DN151039_c0_g3_i1|m.1796258	0.10	0.02	381.20	19246774.5	7	1	0	7.41	81	1082218
TRINITY_DN115211_c0_g1_i1|m.2444554	0.10	0.02	381.20	19246774.5	7	1	0	4.51	133	1458759
TRINITY_DN129233_c0_g1_i1|m.1188408	0.10	0.02	341.10	53677908.8	25	1	0	1.34	599	715769
TRINITY_DN10620_c0_g1_i1|m.4941823	0.10	0.04	271.70	36559691.6	29	2	1	3.23	217	3258842
TRINITY_DN162649_c0_g1_i1|m.3898818	0.10	0.04	381.60	16857521.5	14	1	0	21.21	33	2306280
Reverse TRINITY_DN61894_c0_g1_i1|m.4976603	0.10	0.02	388.30	2843651.2	9	1	0	2.73	330	6722700
Reverse sp|K22E_HUMAN|(Common contaminant protein)	0.10	0.06	417.70	1313457.7	5	1	0	1.40	645	6866577
Reverse TRINITY_DN302788_c0_g1_i1|m.4372580	0.10	0.02	283.00	1354193.7	11	1	0	2.26	398	6204046
TRINITY_DN150594_c0_g1_i2|m.1414709	33.87	5.17	709.80	396751335.1	412	40	14	46.33	300	852671
TRINITY_DN143776_c6_g1_i2|m.994286	18.34	4.23	689.40	1264136715.4	406	16	5	35.95	89	599808
TRINITY_DN156354_c1_g2_i1|m.3168193	14.20	3.95	648.80	153646453.4	262	11	3	40.22	184	1876401
sp|K2C1_HUMAN|(Common contaminant protein)	14.04	4.66	688.90	19707850.6	86	11	0	15.40	643	3433263
sp|TRYP_PIG|(Common contaminant protein)	10.25	1.92	581.80	3109207900.6	270	13	1	34.63	231	3433290
TRINITY_DN158149_c0_g1_i2|m.1361928	10.23	4.67	723.60	70748615.2	168	11	3	20.32	315	825743
TRINITY_DN145535_c0_g1_i5|m.1699168	8.61	1.77	450.90	255606805.7	135	14	8	26.09	345	1024865
TRINITY_DN167428_c1_g2_i1|m.1873725	8.05	0.93	461.10	33867977.3	152	20	9	4.87	2976	1126950
TRINITY_DN156354_c1_g1_i1|m.3168171	8.05	2.44	609.30	181483268.1	126	9	3	38.80	183	1876381
TRINITY_DN147194_c1_g1_i5|m.787028	6.93	1.05	538.50	37183623.3	59	21	7	42.61	230	471689
sp|K1C10_HUMAN|(Common contaminant protein)	6.81	0.93	503.40	19951781.4	117	13	1	18.55	593	3433248
TRINITY_DN161559_c3_g1_i3|m.195607	6.21	1.48	495.20	78698891.6	121	17	6	36.46	288	113652
TRINITY_DN150885_c2_g1_i2|m.3141695	5.58	4.18	699.70	20126726.0	54	6	4	8.52	305	1862192
TRINITY_DN162868_c1_g1_i2|m.2920277	3.14	0.63	411.20	8857139.3	52	8	1	10.37	800	1734957
TRINITY_DN167965_c7_g1_i1|m.1966676	2.63	0.91	518.90	6805253.7	14	11	2	4.08	2208	1181791
TRINITY_DN150671_c0_g4_i1|m.400432	2.50	1.72	390.00	274540260.8	23	2	1	17.24	29	243205
TRINITY_DN145229_c0_g4_i5|m.217535	2.50	1.72	390.00	274540260.8	23	2	1	8.93	56	125502
TRINITY_DN152101_c1_g2_i10|m.621411	2.50	1.72	390.00	274540260.8	23	2	1	1.72	291	373125
TRINITY_DN166095_c1_g3_i3|m.69246	2.23	1.01	539.80	4915773.7	34	5	0	4.66	1116	35272
TRINITY_DN184188_c0_g1_i1|m.1737911	2.19	0.94	331.90	20529202.1	47	2	1	14.71	34	1049931
TRINITY_DN12242_c0_g1_i1|m.4469929	2.18	0.32	370.50	15739275.3	83	2	1	1.83	382	2862086
sp|K22E_HUMAN|(Common contaminant protein)	2.04	0.36	390.60	3832734.7	39	4	0	6.67	645	3433262
TRINITY_DN148202_c0_g1_i2|m.1744750	1.93	0.91	367.80	14454031.0	52	1	0	8.93	56	1053842
TRINITY_DN148119_c3_g1_i3|m.774408	1.93	0.91	367.80	14454031.0	52	1	0	8.33	60	462916
TRINITY_DN165833_c2_g1_i1|m.1860557	1.90	0.34	369.50	13063568.3	43	6	4	22.13	122	1119187
TRINITY_DN168826_c4_g1_i1|m.3302470	1.59	1.13	472.20	4331149.8	16	3	1	0.37	8538	1951559
TRINITY_DN147151_c0_g3_i3|m.786443	1.47	0.37	353.80	8930604.2	48	4	2	6.32	380	471327
TRINITY_DN146341_c1_g1_i1|m.1339304	1.32	0.34	308.10	5586382.8	50	1	1	5.77	156	813626
TRINITY_DN112798_c0_g2_i2|m.382365	1.31	0.23	357.20	21531093.9	55	1	0	3.47	144	231869
TRINITY_DN114926_c0_g1_i1|m.237265	1.29	0.23	357.20	21154405.7	54	1	0	0.41	1221	138882
TRINITY_DN168181_c9_g1_i1|m.31219	1.22	0.34	426.50	10235135.1	45	1	0	0.71	564	16546
sp|K1C9_HUMAN|(Common contaminant protein)	1.18	0.35	346.30	1855114.7	26	5	1	7.87	623	3433250
TRINITY_DN148847_c2_g1_i1|m.572128	1.13	0.37	384.80	159878255.4	39	1	0	10.87	46	343431
TRINITY_DN166622_c0_g1_i10|m.3695205	1.10	0.10	122.80	5092236.7	52	1	0	11.69	77	2183677
TRINITY_DN169110_c14_g1_i1|m.2238308	1.08	0.34	285.50	1898648.0	26	2	0	7.05	298	1337988
Reverse TRINITY_DN166022_c2_g1_i11|m.65929	1.07	0.25	323.20	12875056.8	43	1	0	1.21	497	3467125
TRINITY_DN143937_c0_g1_i2|m.105315	0.98	0.98	399.80	14968469.4	1	1	0	10.42	48	57681
TRINITY_DN144510_c1_g3_i2|m.649292	0.98	0.98	399.80	14968469.4	1	1	0	10.00	50	392388
Reverse TRINITY_DN19979_c0_g1_i1|m.4684063	0.94	0.30	293.00	37259388.7	33	2	2	19.51	41	6475492
TRINITY_DN168207_c5_g1_i2|m.3464814	0.93	0.41	476.50	1672534.0	6	3	0	5.06	633	2049271
TRINITY_DN25666_c0_g1_i1|m.4639183	0.91	0.25	459.90	12636852.8	34	1	0	13.24	68	3004577
TRINITY_DN164907_c7_g2_i2|m.2523509	0.87	0.36	327.00	2015405.8	8	3	1	5.10	471	1505386
Reverse TRINITY_DN29815_c0_g1_i1|m.5109711	0.85	0.29	434.80	7030508.7	29	1	0	6.25	144	6833204
Reverse TRINITY_DN163277_c1_g1_i5|m.562770	0.85	0.15	337.40	19714562.7	36	2	0	0.65	1845	3772124
TRINITY_DN159840_c0_g1_i2|m.542329	0.83	0.15	337.40	19614051.7	35	1	0	10.00	50	325094
TRINITY_DN168129_c0_g1_i1|m.21933	0.83	0.37	417.40	1445442.8	8	2	1	8.51	47	11798
TRINITY_DN147809_c1_g2_i1|m.117820	0.83	0.37	417.40	1445442.8	8	2	1	7.41	54	65471
TRINITY_DN166372_c1_g1_i1|m.2417729	0.80	0.36	393.90	1635065.6	6	2	1	7.69	286	1440421
Reverse TRINITY_DN299974_c0_g1_i1|m.4062681	0.80	0.11	277.00	223852624.6	60	1	0	18.39	87	5896137
TRINITY_DN184539_c0_g1_i1|m.674483	0.79	0.36	291.20	2326435.5	18	2	2	12.12	99	406485
Reverse TRINITY_DN108839_c0_g1_i1|m.2326149	0.74	0.30	503.50	54399571.6	24	1	0	2.13	516	4821532
TRINITY_DN102856_c0_g2_i1|m.3124241	0.73	0.13	260.20	3477752.8	31	2	1	7.89	76	1850285
TRINITY_DN151550_c2_g2_i6|m.273430	0.72	0.33	341.00	2227988.8	16	2	0	6.91	376	160114
Reverse TRINITY_DN151554_c0_g1_i2|m.272996	0.72	0.32	284.20	6946170.2	22	2	0	2.04	491	3593194
TRINITY_DN163900_c0_g1_i2|m.2371251	0.72	0.32	284.20	6891460.9	21	1	0	1.88	266	1415509
TRINITY_DN146772_c0_g1_i1|m.390902	0.71	0.20	403.10	12304560.7	19	3	1	8.07	322	237241
TRINITY_DN246271_c0_g1_i1|m.3932899	0.70	0.11	263.90	7538094.7	33	1	0	6.06	99	2333836
Reverse TRINITY_DN129848_c0_g1_i1|m.915962	0.69	0.33	467.10	347905668.6	19	1	0	21.05	38	3986160
Reverse TRINITY_DN110152_c0_g3_i1|m.3891292	0.67	0.14	351.00	3494490.5	30	1	0	25.00	32	5734328
Reverse TRINITY_DN166699_c3_g2_i1|m.3697169	0.67	0.22	459.70	4107185.1	25	3	2	0.43	2323	5617864
TRINITY_DN223148_c0_g1_i1|m.4047124	0.65	0.11	203.50	5308379.9	28	1	0	7.76	116	2447326
TRINITY_DN267767_c0_g1_i1|m.4016150	0.62	0.11	251.30	6316755.2	29	1	0	5.71	105	2416511
TRINITY_DN82398_c0_g1_i1|m.4714972	0.62	0.11	251.30	6316755.2	29	1	0	2.34	256	3067739
TRINITY_DN24758_c0_g1_i1|m.4780981	0.62	0.12	235.90	4296913.3	30	1	0	2.48	242	3122767
TRINITY_DN161559_c3_g1_i1|m.195597	0.60	0.60	461.70	766294.6	1	1	1	7.14	280	113642
TRINITY_DN133236_c0_g1_i2|m.1700792	0.60	0.34	450.10	5449046.6	14	1	0	14.55	55	1026108
Reverse TRINITY_DN239528_c0_g1_i1|m.4255966	0.58	0.11	183.30	4238855.6	25	1	0	9.41	85	6088035
TRINITY_DN146142_c0_g1_i1|m.1979581	0.58	0.14	241.40	2428796.0	24	1	0	3.62	276	1189650
TRINITY_DN162390_c0_g1_i2|m.3869772	0.57	0.12	340.80	7745522.9	27	1	0	3.40	235	2287136
TRINITY_DN147404_c1_g1_i1|m.2129103	0.56	0.31	313.40	2008361.2	7	2	1	12.68	142	1273774
TRINITY_DN124315_c0_g1_i1|m.2184189	0.56	0.33	307.20	2019158.8	8	2	0	0.71	1415	1304467
Reverse TRINITY_DN135108_c0_g1_i1|m.360664	0.55	0.11	195.30	17937845.6	23	1	0	3.08	455	3651715
Reverse TRINITY_DN281455_c0_g1_i1|m.4136982	0.55	0.20	247.60	8200881.2	21	2	2	35.29	34	5969892
Reverse TRINITY_DN20670_c0_g1_i1|m.4848146	0.55	0.13	418.10	5725116.4	22	1	0	10.26	78	6613050
TRINITY_DN168644_c5_g1_i2|m.3477502	0.52	0.36	283.10	2072134.2	4	2	0	1.16	1556	2056230
TRINITY_DN146341_c0_g2_i1|m.1339271	0.52	0.31	244.50	741573.9	7	2	0	21.82	55	813599
TRINITY_DN164907_c7_g1_i1|m.2523480	0.52	0.34	416.00	1044079.6	5	3	0	3.25	924	1505364
Reverse TRINITY_DN85784_c0_g1_i3|m.4527849	0.52	0.13	280.20	9551846.8	22	2	1	1.20	1002	6343365
Reverse TRINITY_DN72748_c0_g1_i1|m.5110684	0.51	0.35	265.20	3205463.1	9	1	1	3.08	292	6833977
Reverse TRINITY_DN161227_c0_g1_i2|m.3213370	0.51	0.21	346.20	26280753.6	16	1	1	1.47	680	5335949
TRINITY_DN157487_c1_g2_i11|m.3823669	0.50	0.15	443.10	6072833.6	8	4	1	11.03	281	2263104
Reverse TRINITY_DN132545_c1_g1_i2|m.1886528	0.50	0.11	185.60	393966817.3	25	1	0	12.31	65	4567476
TRINITY_DN164907_c7_g3_i1|m.2523543	0.49	0.36	352.20	518884.1	2	2	1	29.21	89	1505396
Reverse TRINITY_DN170931_c0_g1_i1|m.127181	0.49	0.12	239.50	3169864.9	20	1	0	4.09	220	3504655
Reverse TRINITY_DN155247_c2_g1_i1|m.2880579	0.49	0.13	418.10	4702435.5	19	1	0	12.50	64	5144625
sp|TRYP_PIG|(Common contaminant protein)	11.45	4.61	529.90	239767407.9	59	3	0	16.45	231	3433290
sp|K2C1_HUMAN|(Common contaminant protein)	7.52	6.83	664.50	16983605.0	8	3	0	7.78	643	3433263
sp|ALBU_BOVIN|(Common contaminant protein)	4.23	2.34	434.60	1452275.2	5	3	0	4.61	607	3433245
sp|K1C9_HUMAN|(Common contaminant protein)	2.65	2.63	407.10	976583.7	2	1	0	3.69	623	3433250
Reverse TRINITY_DN84892_c0_g1_i2|m.4663613	1.89	1.85	392.30	10808563.9	3	1	0	2.15	418	6458513
TRINITY_DN172646_c0_g1_i1|m.295921	0.85	0.77	261.50	4190924.6	5	1	0	8.77	114	175491
TRINITY_DN157344_c0_g1_i9|m.3010730	0.75	0.64	241.40	161103329.0	8	1	0	18.60	43	1786137
Reverse TRINITY_DN129848_c0_g1_i1|m.915962	0.72	0.48	396.50	40898569.1	13	1	0	21.05	38	3986160
Reverse TRINITY_DN133735_c0_g1_i2|m.2296177	0.46	0.46	248.00	12275672.2	3	1	0	4.88	164	4805676
TRINITY_DN129233_c0_g1_i1|m.1188408	0.46	0.46	244.60	2531173.2	1	1	0	1.34	599	715769
TRINITY_DN302714_c0_g1_i1|m.4372657	0.42	0.31	224.50	7138543.2	12	1	0	9.71	103	2770808
Reverse TRINITY_DN248275_c0_g1_i1|m.4014660	0.41	0.23	56.10	24411988.1	10	1	0	1.06	939	5848337
Reverse TRINITY_DN133106_c0_g1_i1|m.3733751	0.39	0.37	367.00	4845272.5	2	1	0	10.81	74	5640555
TRINITY_DN169054_c16_g1_i3|m.3251343	0.32	0.28	48.40	8931867.3	3	1	0	46.67	30	1924150
Reverse TRINITY_DN152256_c0_g1_i8|m.1027060	0.30	0.30	109.30	854158.3	1	1	0	1.32	1134	4054378
TRINITY_DN156279_c2_g2_i1|m.373736	0.27	0.25	63.00	4251442.8	2	1	0	27.03	37	227302
TRINITY_DN170680_c0_g1_i1|m.3021958	0.27	0.25	50.70	5324698.3	2	1	0	23.26	43	1792084
TRINITY_DN77768_c0_g1_i1|m.4987245	0.26	0.26	252.80	2225172.3	1	1	0	0.46	861	3298424
TRINITY_DN81525_c0_g1_i1|m.4854171	0.25	0.25	99.80	386440.8	1	1	0	3.26	307	3185051
Reverse TRINITY_DN216397_c0_g1_i1|m.4203238	0.25	0.25	48.20	1523058.6	1	1	0	21.74	46	6035715
TRINITY_DN275799_c0_g1_i1|m.4266591	0.25	0.25	86.00	6925022.1	1	1	0	17.24	58	2665287
Reverse TRINITY_DN54802_c0_g1_i1|m.4808087	0.25	0.25	48.40	3452679.9	1	1	0	5.99	167	6579482
Reverse TRINITY_DN240852_c0_g1_i1|m.4132422	0.18	0.18	14.00	957961.4	1	1	0	26.32	38	5965360
TRINITY_DN168687_c2_g2_i1|m.3478548	0.18	0.18	33.40	706811.7	1	1	0	6.25	160	2056929
TRINITY_DN112743_c0_g1_i1|m.382047	0.18	0.18	12.30	2033951.9	1	1	0	3.57	280	231620
Reverse TRINITY_DN148153_c6_g3_i1|m.768984	0.18	0.18	4.20	1984170.0	1	1	0	0.28	3566	3893187
Reverse TRINITY_DN144486_c5_g4_i2|m.232204	0.15	0.15	2.00	1235564.0	1	1	0	31.11	45	3568972
Reverse TRINITY_DN223095_c0_g1_i1|m.4196446	0.15	0.15	7.00	926933.7	1	1	0	12.07	116	6028993
TRINITY_DN159535_c7_g1_i2|m.1618020	0.15	0.15	11.80	1351832.0	1	1	0	2.16	648	976397
Reverse TRINITY_DN159433_c0_g1_i1|m.2684255	0.15	0.15	18.20	1200176.0	1	1	0	1.99	705	5028634
TRINITY_DN157380_c0_g1_i6|m.3018703	0.15	0.05	41.10	4668104.7	6	1	0	14.71	68	1789632
Reverse TRINITY_DN143337_c0_g1_i1|m.1435193	0.14	0.14	112.60	660961.2	1	1	0	18.18	55	4298775
Reverse TRINITY_DN137858_c0_g1_i1|m.872692	0.14	0.14	72.50	2061755.7	1	1	0	1.06	942	3959474
Reverse TRINITY_DN4125_c0_g1_i1|m.4689443	0.13	0.13	76.30	907735.0	1	1	0	21.28	47	6480106
TRINITY_DN168492_c4_g2_i1|m.723159	0.12	0.10	47.50	812594.2	2	1	0	21.28	47	435769
TRINITY_DN161012_c0_g4_i1|m.1401322	0.11	0.09	92.80	1191660.4	2	1	0	7.43	175	845113
TRINITY_DN135156_c4_g1_i2|m.361671	0.11	0.02	213.10	9087429.1	9	1	0	2.34	342	219067
TRINITY_DN278813_c0_g1_i1|m.3976289	0.11	0.11	1.10	768300.3	1	1	0	4.22	332	2376995
Reverse TRINITY_DN15876_c0_g1_i1|m.4779417	0.11	0.10	22.50	3058852.8	2	1	0	20.83	48	6554674
TRINITY_DN241778_c0_g1_i1|m.4138081	0.10	0.10	14.10	364257.3	1	1	0	29.41	34	2537666
Reverse TRINITY_DN151637_c2_g2_i3|m.1324731	0.10	0.10	9.30	740259.0	1	1	0	30.30	33	4237111
TRINITY_DN162860_c2_g1_i1|m.2918754	0.10	0.10	24.90	765843.7	1	1	0	18.87	53	1734169
TRINITY_DN149158_c3_g2_i8|m.130104	0.10	0.10	13.10	1370588.2	1	1	0	18.52	54	73101
TRINITY_DN163341_c2_g1_i15|m.2501067	0.10	0.10	30.00	788166.6	1	1	0	9.52	105	1494007
TRINITY_DN147337_c0_g2_i2|m.2827185	0.10	0.10	39.60	317871.3	1	1	0	9.62	104	1680316
Reverse TRINITY_DN133689_c0_g1_i1|m.3607870	0.10	0.10	33.50	1369705.7	1	1	0	3.34	299	5565812
TRINITY_DN222819_c0_g1_i1|m.3931976	0.10	0.10	5.50	533116.3	1	1	0	2.27	440	2332922
Reverse TRINITY_DN78164_c0_g1_i1|m.4991010	0.10	0.10	7.80	1819468.0	1	1	0	2.31	433	6734782
sp|K1C9_HUMAN|(Common contaminant protein)	46.74	11.30	971.50	34546416.6	61	23	5	31.30	623	3433250
sp|K2C1_HUMAN|(Common contaminant protein)	32.57	7.35	754.90	30197666.3	49	24	5	28.46	643	3433263
sp|TRYP_PIG|(Common contaminant protein)	30.66	6.65	651.50	3265915716.3	185	24	3	53.25	231	3433290
sp|K1C10_HUMAN|(Common contaminant protein)	24.52	4.50	616.90	9423847.4	35	13	1	19.06	593	3433248
sp|K22E_HUMAN|(Common contaminant protein)	19.93	4.89	635.10	6090613.3	21	12	0	22.17	645	3433262
TRINITY_DN143776_c6_g1_i2|m.994286	2.71	2.04	405.60	2421472.0	11	2	1	16.85	89	599808
TRINITY_DN159352_c1_g1_i2|m.899614	2.21	2.13	404.70	3922847.1	5	1	0	10.34	58	541515
TRINITY_DN112388_c0_g1_i1|m.148223	1.54	1.46	343.40	750470.4	5	1	0	16.67	36	85063
TRINITY_DN170795_c0_g1_i1|m.359189	1.48	1.46	356.70	636611.5	3	2	0	0.85	1064	217289
TRINITY_DN161559_c3_g1_i1|m.195597	1.36	1.36	284.00	108529.0	1	1	1	3.57	280	113642
Reverse TRINITY_DN72748_c0_g1_i1|m.5110684	1.17	1.13	357.80	3298034.9	3	1	1	3.08	292	6833977
TRINITY_DN12242_c0_g1_i1|m.4469929	1.15	0.91	368.00	1859475.8	14	1	1	1.83	382	2862086
Reverse TRINITY_DN152500_c1_g3_i1|m.83586	1.14	1.04	422.40	4119976.7	6	1	0	9.20	87	3478144
TRINITY_DN25666_c0_g1_i1|m.4639183	1.02	0.70	486.50	7100770.1	19	1	0	13.24	68	3004577
Reverse TRINITY_DN307542_c0_g1_i1|m.4397284	0.91	0.87	326.70	1375052.6	3	1	0	4.02	249	6228575
Reverse TRINITY_DN203129_c0_g1_i1|m.3941932	0.89	0.87	399.50	832561.5	2	1	0	15.69	51	5776126
TRINITY_DN39750_c0_g1_i1|m.4965766	0.89	0.87	399.50	832561.5	2	1	0	10.81	74	3279833
TRINITY_DN170607_c0_g1_i1|m.3021576	0.79	0.75	359.60	437920.3	3	1	0	3.28	244	1791732
TRINITY_DN151587_c1_g1_i1|m.268757	0.79	0.79	245.30	143602.3	1	1	0	4.48	201	157334
TRINITY_DN147194_c1_g1_i3|m.786970	0.71	0.71	311.30	121025.7	1	1	1	5.38	223	471678
TRINITY_DN151039_c0_g3_i1|m.1796258	0.70	0.60	386.10	31551800.7	6	1	0	7.41	81	1082218
TRINITY_DN115211_c0_g1_i1|m.2444554	0.70	0.60	386.10	31551800.7	6	1	0	4.51	133	1458759
sp|ALBU_BOVIN|(Common contaminant protein)	0.69	0.69	257.80	86494.3	1	1	0	1.65	607	3433245
Reverse TRINITY_DN300725_c0_g1_i1|m.4351493	0.64	0.64	278.20	278323.2	1	1	0	20.83	48	6183050
TRINITY_DN104095_c0_g1_i1|m.3122432	0.61	0.59	312.20	333739.9	2	1	0	4.00	225	1848907
TRINITY_DN149227_c0_g1_i2|m.3547505	0.61	0.57	473.90	6860503.2	3	1	0	5.11	137	2097338
TRINITY_DN104989_c0_g1_i1|m.1028244	0.60	0.57	285.80	808356.6	3	1	1	2.09	479	621660
Reverse TRINITY_DN166436_c2_g2_i2|m.1295858	0.57	0.57	277.30	213529.1	1	1	0	22.22	36	4218546
Reverse TRINITY_DN112967_c0_g1_i1|m.3080286	0.55	0.15	347.30	13655434.7	36	2	1	7.08	113	5258263
Reverse TRINITY_DN167736_c3_g1_i3|m.2456172	0.55	0.55	300.60	259971.9	1	1	0	17.24	58	4899317
Reverse TRINITY_DN65193_c0_g1_i1|m.4859155	0.55	0.55	303.30	139367.9	1	1	0	1.70	528	6622529
Reverse TRINITY_DN129848_c0_g1_i1|m.915962	0.54	0.30	454.80	391915827.8	13	1	0	21.05	38	3986160
Reverse TRINITY_DN292469_c0_g1_i1|m.4013287	0.53	0.41	269.50	9310414.3	13	1	0	8.70	92	5846967
TRINITY_DN150671_c0_g4_i1|m.400432	0.53	0.49	297.90	831549.4	3	1	1	17.24	29	243205
TRINITY_DN145229_c0_g4_i5|m.217535	0.53	0.49	297.90	831549.4	3	1	1	8.93	56	125502
TRINITY_DN152101_c1_g2_i10|m.621411	0.53	0.49	297.90	831549.4	3	1	1	1.72	291	373125
Reverse TRINITY_DN29815_c0_g1_i1|m.5109711	0.51	0.35	411.40	2119394.5	10	1	0	6.25	144	6833204
Reverse TRINITY_DN187972_c0_g1_i1|m.1328420	0.46	0.44	350.00	1524889.8	3	1	0	13.25	83	4239419
Reverse TRINITY_DN156377_c0_g2_i1|m.3168921	0.42	0.42	261.00	630640.8	1	1	0	15.38	52	5310141
TRINITY_DN206884_c0_g1_i1|m.4290851	0.39	0.34	289.00	540328.5	4	1	0	6.31	111	2689426
Reverse TRINITY_DN34304_c0_g1_i1|m.4656930	0.31	0.26	357.30	2069267.0	5	1	0	15.09	53	6453078
TRINITY_DN64184_c0_g2_i1|m.4615146	0.28	0.28	301.90	428762.0	1	1	0	11.58	95	2983953
TRINITY_DN132888_c0_g1_i1|m.2063473	0.26	0.22	393.20	3972241.6	3	1	0	2.38	210	1237006
TRINITY_DN129233_c0_g1_i1|m.1188408	0.25	0.09	327.90	56061403.3	9	1	0	1.34	599	715769
TRINITY_DN150426_c2_g5_i1|m.3312660	0.25	0.25	249.90	687001.6	2	1	0	29.03	31	1957758
TRINITY_DN170502_c0_g1_i1|m.555337	0.24	0.24	308.30	332134.0	1	1	0	0.91	988	334242
Reverse TRINITY_DN125186_c0_g1_i1|m.1537169	0.24	0.21	247.60	466748.1	3	2	2	3.00	400	4358367
TRINITY_DN250755_c0_g1_i1|m.3928746	0.21	0.21	360.30	440239.8	1	1	0	2.40	334	2329706
TRINITY_DN29036_c0_g1_i1|m.4623726	0.20	0.07	177.10	2087241.2	17	1	0	5.62	178	2991040
TRINITY_DN47389_c0_g2_i1|m.4481151	0.18	0.16	276.40	373179.1	2	1	1	15.09	53	2871248
Reverse TRINITY_DN139333_c1_g1_i1|m.124508	0.18	0.18	315.10	261590.9	1	1	0	6.56	122	3502609
TRINITY_DN224076_c0_g1_i1|m.4092462	0.16	0.08	307.60	3826525.7	6	1	0	12.73	55	2492419
TRINITY_DN123196_c0_g1_i2|m.255941	0.15	0.09	257.10	1128698.6	5	1	1	1.60	563	149094
Reverse TRINITY_DN132545_c1_g1_i2|m.1886528	0.15	0.04	191.40	968839791.6	16	1	0	12.31	65	4567476
TRINITY_DN164265_c1_g1_i1|m.2795341	0.14	0.08	331.10	2651318.8	4	1	1	0.49	1214	1661674
TRINITY_DN142179_c2_g1_i2|m.182286	0.14	0.09	313.10	1008656.8	4	1	0	14.71	34	105324
Reverse TRINITY_DN120987_c0_g2_i1|m.634558	0.13	0.09	363.60	2191363.0	3	1	0	7.84	102	3815624
TRINITY_DN133291_c0_g1_i1|m.1700227	0.13	0.09	356.70	5471990.3	4	1	0	0.87	1039	1025642
Reverse TRINITY_DN209547_c0_g1_i1|m.4111355	0.13	0.09	321.10	1539983.7	3	1	0	8.54	82	5944441
sp|K2C1_HUMAN|(Common contaminant protein)	38.44	8.06	715.10	67248912.2	90	22	4	28.30	643	3433263
sp|K1C9_HUMAN|(Common contaminant protein)	35.39	8.86	758.20	35989100.5	92	13	4	19.26	623	3433250
sp|K22E_HUMAN|(Common contaminant protein)	22.98	5.82	608.20	35732283.8	47	10	1	16.43	645	3433262
sp|K1C10_HUMAN|(Common contaminant protein)	20.51	4.17	557.70	24235479.0	38	8	1	10.79	593	3433248
sp|TRYP_PIG|(Common contaminant protein)	15.42	3.31	524.30	1013341099.5	210	12	3	34.20	231	3433290
sp|K1C15_SHEEP|(Common contaminant protein)	4.84	4.84	606.20	1283558.8	1	1	0	2.65	453	3433249
Reverse TRINITY_DN72748_c0_g1_i1|m.5110684	1.87	1.42	370.80	14792114.6	24	1	1	3.08	292	6833977
TRINITY_DN157344_c0_g1_i9|m.3010730	1.40	0.91	334.10	172578112.9	27	1	0	18.60	43	1786137
Reverse TRINITY_DN20670_c0_g1_i1|m.4848146	1.38	1.36	423.80	1963493.5	2	1	0	10.26	78	6613050
Reverse TRINITY_DN129848_c0_g1_i1|m.915962	0.99	0.69	468.10	58706223.3	16	1	0	21.05	38	3986160
Reverse TRINITY_DN171800_c0_g1_i1|m.556201	0.77	0.77	339.50	2031787.9	1	1	0	3.97	252	3768395
TRINITY_DN118771_c0_g1_i1|m.2926564	0.73	0.29	339.20	6801543.4	23	1	0	14.58	48	1738033
Reverse TRINITY_DN187972_c0_g1_i1|m.1328420	0.68	0.47	228.80	2507729.1	16	1	0	13.25	83	4239419
TRINITY_DN162247_c1_g1_i2|m.152711	0.53	0.29	248.60	3610851.7	13	1	0	0.95	525	87970
TRINITY_DN70880_c0_g1_i1|m.4605998	0.52	0.12	169.10	63539079.2	21	1	0	12.16	74	2976112
TRINITY_DN133642_c0_g1_i1|m.3606464	0.49	0.30	286.10	15130169.3	11	1	0	16.92	65	2131554
Reverse TRINITY_DN151721_c0_g3_i1|m.2589421	0.48	0.44	441.10	12107547.8	3	1	0	3.21	249	4976501
TRINITY_DN129233_c0_g1_i1|m.1188408	0.47	0.27	350.30	19485111.2	11	1	0	1.34	599	715769
Reverse TRINITY_DN133106_c0_g1_i1|m.3733751	0.40	0.40	254.20	1520746.6	1	1	0	10.81	74	5640555
TRINITY_DN244396_c0_g1_i1|m.4134442	0.36	0.09	243.80	16519014.3	16	1	0	6.38	94	2534062
TRINITY_DN156790_c1_g2_i1|m.1933461	0.36	0.09	243.80	16519014.3	16	1	0	4.96	121	1161799
Reverse TRINITY_DN292469_c0_g1_i1|m.4013287	0.36	0.21	269.50	12075733.3	20	1	0	8.70	92	5846967
TRINITY_DN167968_c4_g1_i4|m.1973632	0.32	0.26	240.20	1804741.9	8	1	0	2.92	342	1185841
TRINITY_DN302480_c0_g1_i1|m.4346989	0.31	0.23	263.20	1192945.5	5	1	1	2.22	451	2745264
Reverse TRINITY_DN166436_c2_g2_i2|m.1295858	0.30	0.26	297.70	657532.3	3	1	0	22.22	36	4218546
Reverse TRINITY_DN272809_c0_g1_i1|m.4070079	0.30	0.30	349.40	6029647.2	1	1	0	12.35	81	5903489
TRINITY_DN150426_c2_g5_i1|m.3312660	0.29	0.17	313.70	5489425.2	11	1	0	29.03	31	1957758
Reverse TRINITY_DN138762_c0_g4_i3|m.1927487	0.28	0.28	385.30	7315117.7	1	1	0	14.29	35	4591361
Reverse TRINITY_DN100290_c0_g1_i1|m.1716760	0.27	0.19	269.20	11660936.1	5	1	0	20.00	50	4469076
Reverse TRINITY_DN71872_c0_g1_i1|m.5022922	0.27	0.27	262.00	523180.0	1	1	1	3.19	502	6761207
Reverse TRINITY_DN132545_c1_g1_i2|m.1886528	0.26	0.09	146.00	13718032.8	10	1	0	12.31	65	4567476
TRINITY_DN100881_c0_g1_i1|m.581633	0.26	0.24	264.50	625109.1	2	1	0	3.72	188	348725
TRINITY_DN153021_c0_g3_i1|m.2598139	0.26	0.18	266.50	8969300.1	5	1	0	7.79	77	1548415
TRINITY_DN133291_c0_g1_i1|m.1700227	0.24	0.19	263.70	4204058.3	14	1	0	0.87	1039	1025642
Reverse TRINITY_DN152500_c1_g3_i1|m.83586	0.24	0.22	316.80	1604925.7	2	1	0	9.20	87	3478144
TRINITY_DN143993_c5_g2_i2|m.106962	0.24	0.18	356.50	4455591.3	4	1	0	30.00	30	58682
TRINITY_DN98328_c0_g1_i1|m.4838842	0.24	0.18	356.50	4455591.3	4	1	0	12.33	73	3172229
Reverse TRINITY_DN82769_c0_g1_i1|m.4600582	0.24	0.16	243.60	1346432.7	6	1	1	13.33	75	6404648
TRINITY_DN66808_c0_g1_i1|m.4498910	0.23	0.23	366.70	2006287.0	1	1	0	5.06	158	2885834
Reverse TRINITY_DN143105_c4_g1_i1|m.3715842	0.22	0.22	171.10	271734.4	1	1	0	13.04	115	5629213
Reverse TRINITY_DN272949_c0_g1_i1|m.4221388	0.22	0.08	342.70	1439084.3	11	1	1	20.00	40	6053700
Reverse TRINITY_DN80849_c0_g1_i2|m.5125398	0.21	0.17	365.80	2297707.9	3	1	0	16.67	42	6846381
TRINITY_DN248432_c0_g1_i1|m.4219990	0.20	0.20	291.10	2950714.3	1	1	0	9.59	73	2618988
TRINITY_DN286195_c0_g1_i1|m.3924663	0.20	0.20	291.10	2950714.3	1	1	0	7.53	93	2325663
Reverse TRINITY_DN161907_c2_g1_i1|m.594825	0.20	0.20	253.40	1299840.9	1	1	1	13.41	82	3789365
sp|TRYP_PIG|(Common contaminant protein)	15.62	3.90	488.50	4661745629.8	277	11	0	51.08	231	3433290
TRINITY_DN64184_c0_g2_i1|m.4615146	2.37	2.19	362.00	8311489.9	10	1	0	11.58	95	2983953
TRINITY_DN129233_c0_g1_i1|m.1188408	1.72	1.03	341.90	49805496.3	41	1	0	1.34	599	715769
sp|TRY1_BOVIN|(Common contaminant protein)	1.47	1.29	273.80	11590224.5	15	3	0	8.64	243	3433288
TRINITY_DN20042_c0_g1_i1|m.4442846	1.45	1.11	316.90	6761894.6	18	1	0	8.40	119	2838881
Reverse TRINITY_DN133106_c0_g1_i1|m.3733751	1.23	1.23	298.40	596875.4	1	1	0	10.81	74	5640555
Reverse TRINITY_DN141082_c4_g1_i9|m.2438048	1.19	1.11	379.10	15718558.1	5	1	0	22.22	36	4887404
TRINITY_DN141177_c6_g7_i1|m.599652	0.99	0.89	269.00	2614821.5	8	1	0	21.74	46	359072
TRINITY_DN201162_c0_g1_i1|m.4136333	0.93	0.91	327.60	594462.4	2	1	0	14.55	55	2535928
TRINITY_DN143776_c6_g1_i2|m.994286	0.86	0.82	259.70	492922.1	6	1	0	11.24	89	599808
Reverse TRINITY_DN129848_c0_g1_i1|m.915962	0.82	0.03	443.80	292943264.2	41	1	0	21.05	38	3986160
TRINITY_DN151039_c0_g3_i1|m.1796258	0.72	0.72	355.40	1209426.5	1	1	0	7.41	81	1082218
TRINITY_DN115211_c0_g1_i1|m.2444554	0.72	0.72	355.40	1209426.5	1	1	0	4.51	133	1458759
Reverse TRINITY_DN106458_c0_g1_i1|m.3559679	0.72	0.71	310.90	868125.8	2	1	0	1.38	651	5538335
Reverse TRINITY_DN151721_c0_g3_i1|m.2589421	0.72	0.58	425.80	71860283.4	8	1	0	3.21	249	4976501
TRINITY_DN157344_c0_g1_i9|m.3010730	0.70	0.47	239.20	332603853.1	18	1	0	18.60	43	1786137
TRINITY_DN149227_c0_g1_i2|m.3547505	0.67	0.63	395.10	943674.6	3	1	0	5.11	137	2097338
TRINITY_DN134983_c0_g1_i1|m.2575028	0.60	0.14	319.00	22877661.7	24	1	0	19.35	31	1532420
TRINITY_DN157835_c0_g1_i2|m.1989346	0.60	0.14	319.00	22877661.7	24	1	0	8.33	72	1195423
TRINITY_DN165642_c0_g1_i3|m.2047716	0.59	0.49	300.20	1732784.1	6	1	0	11.43	70	1229416
Reverse TRINITY_DN156377_c0_g2_i1|m.3168921	0.39	0.37	302.50	4294667.7	2	1	0	15.38	52	5310141
Reverse TRINITY_DN20670_c0_g1_i1|m.4848146	0.21	0.21	402.00	594385.7	1	1	0	10.26	78	6613050
TRINITY_DN170240_c0_g1_i1|m.1222199	0.20	0.17	237.30	1768304.6	3	1	0	5.56	108	735748
Reverse TRINITY_DN226614_c0_g1_i1|m.4116577	0.20	0.20	243.50	128241.1	1	1	0	4.30	186	5949622
Reverse TRINITY_DN106612_c0_g1_i3|m.1566059	0.20	0.18	258.30	243989.6	2	1	0	25.00	36	4377749
TRINITY_DN161177_c1_g2_i1|m.2618879	0.20	0.19	246.70	460683.1	2	1	0	25.00	32	1560697
TRINITY_DN173362_c0_g1_i1|m.2198011	0.20	0.19	246.70	460683.1	2	1	0	4.10	195	1313528
Reverse TRINITY_DN132545_c1_g1_i2|m.1886528	0.19	0.02	172.30	460071110.2	29	1	0	12.31	65	4567476
Reverse TRINITY_DN126113_c0_g1_i1|m.1486574	0.15	0.02	262.10	1258576.2	11	1	0	21.95	41	4329655
TRINITY_DN169041_c10_g1_i1|m.3240681	0.11	0.01	113.50	1685793.6	19	1	0	23.08	39	1918131
TRINITY_DN278594_c0_g1_i1|m.4153556	0.10	0.02	69.60	4944794.8	13	1	0	10.00	70	2552997
Reverse TRINITY_DN148509_c0_g1_i1|m.1544539	0.10	0.08	272.60	366118.4	3	1	0	19.56	46	4363401
TRINITY_DN26716_c0_g1_i1|m.4560861	0.10	0.01	67.80	937329.8	15	1	0	27.27	33	2937990
TRINITY_DN168847_c7_g1_i12|m.3291209	0.10	0.02	88.70	201487225.0	36	1	0	10.64	47	1945429
Reverse TRINITY_DN160276_c0_g1_i1|m.2890558	0.10	0.02	68.30	2725348.3	14	1	0	15.79	57	5149900
Reverse TRINITY_DN57249_c0_g1_i1|m.4502927	0.10	0.01	81.50	1125971.0	14	1	0	17.02	47	6322609
TRINITY_DN32672_c0_g1_i1|m.4805227	0.10	0.01	67.70	1270782.0	11	1	0	14.29	84	3143636
TRINITY_DN166340_c2_g3_i4|m.2411583	0.10	0.02	77.50	300972.0	6	1	0	0.86	928	1437455
Reverse TRINITY_DN120792_c0_g1_i1|m.3591184	0.10	0.02	82.40	239423.7	4	1	0	4.06	197	5556844
Reverse TRINITY_DN201484_c0_g1_i1|m.4142147	0.10	0.01	87.60	4155133.4	7	1	0	22.86	35	5975006
TRINITY_DN160505_c1_g1_i11|m.3395603	0.10	0.01	240.80	1422474.6	7	1	0	9.88	81	2007923
TRINITY_DN147065_c0_g3_i3|m.1838973	0.10	0.01	125.50	2063015.0	6	1	0	16.28	43	1107509
TRINITY_DN160778_c1_g2_i1|m.434323	0.10	0.01	63.40	398325.3	4	1	0	15.91	44	263060
Reverse TRINITY_DN150194_c0_g1_i6|m.3403762	0.10	0.01	63.40	398325.3	4	1	0	2.05	341	5445881
TRINITY_DN134511_c0_g1_i2|m.88613	0.10	0.02	196.90	928819.4	4	1	0	17.02	47	47904
Reverse TRINITY_DN146949_c0_g3_i1|m.1216235	0.10	0.01	240.80	1249708.0	6	1	0	10.13	79	4164885
Reverse TRINITY_DN151861_c3_g1_i1|m.1690595	0.10	0.02	111.20	545269.6	3	1	0	21.21	33	4453198
TRINITY_DN143996_c1_g1_i5|m.102997	0.10	0.02	111.20	545269.6	3	1	0	7.07	99	56350
TRINITY_DN116947_c0_g2_i2|m.2445673	0.10	0.02	111.20	545269.6	3	1	0	2.23	314	1459746
TRINITY_DN155869_c0_g2_i3|m.7829	0.10	0.02	82.40	37357155.4	10	1	0	15.15	33	4206
TRINITY_DN109553_c0_g1_i1|m.1536120	0.10	0.01	162.40	6180995.7	7	1	0	2.56	312	924353
Reverse TRINITY_DN109809_c0_g1_i1|m.2901405	0.10	0.01	166.70	801205.9	6	1	0	7.41	108	5156871
