100122_TK_MC	1	1	1	14.5	8.1784	0.0020827	49941000
100377_TK_MC	1	4	4	26.6	20.946	3.95E-24	424500000
100488_TK_MC	1	3	3	35.4	14.16	1.42E-16	33208000
100678_TK_MC	1	1	1	18.5	9.0483	0.0012301	13494000
100868_TK_MC	2	1	1	16.3	11.132	1.76E-09	11951000
88212_TK_MC	2	1	1	16.3	11.132	1.76E-09	11951000
100982_TK_MC	2	1	1	8.3	13.083	0.0046129	164400000
111516_TK_MC	2	1	1	8.3	13.083	0.0046129	164400000
101020_TK_MC	1	1	1	16	10.619	0.024286	0
101221_TK_MC	1	6	4	29.2	25.292	6.40E-23	469720000
101499_TK_MC	1	3	2	29.7	11.508	1.25E-14	138840000
167644_TK_MC	2	18	18	34.8	59.443	2.80E-123	33151000000
101671_TK_MC	2	18	18	34.8	59.443	2.80E-123	33151000000
101705_TK_MC	1	1	1	11.6	7.4443	8.95E-09	30649000
101751_TK_MC	1	2	1	45.3	6.9374	3.92E-20	197830000
101840_TK_MC	1	1	1	6.7	16.89	0.0052503	0
102185_TK_MC	2	11	11	28.9	56.693	4.88E-172	14015000000
167850_TK_MC	2	11	11	28.9	56.693	4.88E-172	14015000000
102494_TK_MC	1	1	1	11.4	9.1275	0.027458	13449000
163947_TK_MC	2	1	1	8.9	16.423	0.00087148	18995000
102615_TK_MC	2	1	1	8.9	16.423	0.00087148	18995000
102740_TK_MC	1	1	1	24.5	5.7425	0.00094793	8846900
102764_TK_MC	1	2	2	33.3	6.0029	0.00010495	42703000
102930_TK_MC	2	1	1	5.9	24.873	0.0099285	4470600
158040_TK_MC	2	1	1	5.9	24.873	0.0099285	4470600
102996_TK_MC	1	1	1	15	6.2221	0.013657	16950000
103035_TK_MC	1	3	3	56.1	4.8888	1.98E-09	2701000000
103205_TK_MC	1	2	2	38.5	6.0579	1.19E-05	0
103332_TK_MC	1	2	1	39.7	8.0491	1.98E-110	8355700
103375_TK_MC	2	4	4	20.9	30.08	2.28E-49	2077200000
167356_TK_MC	2	4	4	20.9	30.08	2.28E-49	2077200000
103553_TK_MC	1	1	1	2.9	70.219	1.15E-10	17380000
103598_TK_MC	2	2	2	16.8	15.952	3.40E-19	44709000
159575_TK_MC	2	2	2	16.8	15.952	3.40E-19	44709000
103628_TK_MC	2	7	5	12	86.386	4.76E-24	268230000
112637_TK_MC	2	7	5	12	86.386	4.76E-24	268230000
103645_TK_MC	1	5	2	49.3	16.197	1.60E-81	8674200000
157756_TK_MC	2	3	3	16.8	34.338	2.41E-38	808680000
103755_TK_MC	2	3	3	16.8	34.338	2.41E-38	808680000
103787_TK_MC	1	2	2	6	41.185	2.12E-07	26754000
103939_TK_MC	1	3	3	14.2	23.555	1.30E-06	284530000
104029_TK_MC	1	6	6	34.1	26.914	1.47E-24	405750000
104101_TK_MC	1	1	1	4.5	18.908	0.018769	1403300000
104230_TK_MC	2	1	1	3.8	34.872	0.00018002	0
169767_TK_MC	2	1	1	3.8	34.872	0.00018002	0
104457_TK_MC	1	6	6	34.3	33.75	9.94E-73	895070000
104624_TK_MC	2	1	1	18.8	7.3777	0.00011361	9451500
148645_TK_MC	2	1	1	18.8	7.3777	0.00011361	9451500
104808_TK_MC	5	1	1	4.3	23.943	0.014629	8562900
163280_TK_MC	5	1	1	4.3	23.943	0.014629	8562900
78658_TK_MC	5	1	1	4.3	23.943	0.014629	8562900
181389_TK_MC	5	1	1	4.3	23.943	0.014629	8562900
92179_TK_MC	5	1	1	4.3	23.943	0.014629	8562900
158273_TK_MC	3	1	1	3.6	40.678	0.0046684	0
158267_TK_MC	3	1	1	3.6	40.678	0.0046684	0
104844_TK_MC	3	1	1	3.6	40.678	0.0046684	0
105101_TK_MC	1	7	7	32.5	33.792	2.03E-36	258670000
105240_TK_MC	1	2	1	13.5	20.867	9.28E-05	7739200
105384_TK_MC	1	1	1	21.8	8.9642	0.0045755	0
105564_TK_MC	1	2	2	33.8	7.5295	7.50E-06	45883000
105728_TK_MC	1	1	1	7.6	16.886	0.0036551	12794000
105800_TK_MC	1	1	1	20.9	4.9516	0.02084	8561200
105943_TK_MC	1	2	2	22.1	11.344	1.13E-05	144480000
106072_TK_MC	1	1	1	7.5	11.428	0.028811	11249000
106074_TK_MC	2	4	2	42	15.357	7.76E-17	169280000
100519_TK_MC	2	4	2	42	15.357	7.76E-17	169280000
106145_TK_MC	2	1	1	5.4	23.418	0.00035547	115350000
159388_TK_MC	2	1	1	5.4	23.418	0.00035547	115350000
106226_TK_MC	1	1	1	9.8	13.796	0.004004	33418000
106679_TK_MC	1	4	1	58.5	10.847	1.74E-18	41468000
106729_TK_MC	1	1	1	7	12.307	0.013484	79903000
106780_TK_MC	1	1	1	9.2	13.973	0.0054696	0
107371_TK_MC	1	1	1	19.2	8.5948	0.02109	6996200
107602_TK_MC	1	3	3	7.9	49.399	6.56E-11	93122000
107641_TK_MC	1	1	1	2	58.412	0.01288	11592000
108004_TK_MC	1	1	1	13.8	13.134	2.17E-11	28116000
98156_TK_MC	4	1	1	10.5	11.557	0.0020827	27493000
71763_TK_MC	4	1	1	10.5	11.557	0.0020827	27493000
108055_TK_MC	4	1	1	10.5	11.557	0.0020827	27493000
71764_TK_MC	4	1	1	10.5	11.557	0.0020827	27493000
108549_TK_MC	1	1	1	21	9.0402	0.00063723	0
108566_TK_MC	1	1	1	16.1	6.401	0.027526	0
108757_TK_MC	1	1	1	6.7	22.341	0.023242	12107000
109304_TK_MC	1	1	1	22.7	5.1779	0.015656	12563000
109483_TK_MC	1	1	1	13	6.1051	6.12E-06	62382000
109702_TK_MC	1	4	2	52.5	6.4993	5.63E-07	70666000
109904_TK_MC	1	1	1	6.9	14.39	0.025313	51240000
181792_TK_MC	2	2	2	19.2	16.165	1.27E-09	45601000
109914_TK_MC	2	2	2	19.2	16.165	1.27E-09	45601000
109954_TK_MC	1	1	1	2	40.561	0.020806	16354000
110167_TK_MC	1	6	6	38.7	14.824	2.98E-35	4800800000
110175_TK_MC	2	1	1	2.9	44.528	0.00069649	98058000
114169_TK_MC	2	1	1	2.9	44.528	0.00069649	98058000
110211_TK_MC	1	1	1	15.9	9.4969	0.00013438	6888100
110316_TK_MC	1	1	1	4.7	25.353	0.012993	4153800
110397_TK_MC	1	5	5	31.9	19.021	6.34E-21	670640000
110626_TK_MC	2	5	5	76.3	10.208	3.83E-44	482930000
164838_TK_MC	2	5	5	76.3	10.208	3.83E-44	482930000
110719_TK_MC	1	4	2	44.7	15.551	4.82E-48	561720000
110935_TK_MC	2	2	1	6	43.575	3.77E-11	125760000
161121_TK_MC	2	2	1	6	43.575	3.77E-11	125760000
111084_TK_MC	1	3	3	60.8	7.9511	4.71E-14	131270000
111134_TK_MC	1	6	2	35.6	25.872	6.93E-37	129000000
111519_TK_MC	1	1	1	11	11.556	0.027345	0
111581_TK_MC	1	4	4	26.4	21.866	5.28E-28	749920000
111691_TK_MC	1	4	2	30.9	20.883	9.19E-35	291480000
111749_TK_MC	1	5	3	36.3	27.163	1.72E-61	342720000
166831_TK_MC	2	1	1	9	17.747	0.0019534	7999000
111882_TK_MC	2	1	1	9	17.747	0.0019534	7999000
112144_TK_MC	2	2	2	6.7	25.61	7.95E-11	71790000
158346_TK_MC	2	2	2	6.7	25.61	7.95E-11	71790000
112272_TK_MC	1	1	1	20	9.6094	0.00020798	0
112356_TK_MC	2	10	10	20.1	71.039	7.63E-49	485260000
168662_TK_MC	2	10	10	20.1	71.039	7.63E-49	485260000
112397_TK_MC	4	1	1	2	44.828	4.47E-05	8645200
172217_TK_MC	4	1	1	2	44.828	4.47E-05	8645200
160958_TK_MC	4	1	1	2	44.828	4.47E-05	8645200
172240_TK_MC	4	1	1	2	44.828	4.47E-05	8645200
112431_TK_MC	4	6	6	34.8	17.273	4.75E-26	5130800000
150822_TK_MC	4	6	6	34.8	17.273	4.75E-26	5130800000
150823_TK_MC	4	6	6	34.8	17.273	4.75E-26	5130800000
182129_TK_MC	4	6	6	34.8	17.273	4.75E-26	5130800000
112535_TK_MC	1	1	1	6.2	27.107	4.61E-05	10913000
112698_TK_MC	1	1	1	11.5	8.6958	0.0075363	7278900
113001_TK_MC	1	8	6	53	19.807	5.33E-44	1777800000
113194_TK_MC	1	1	1	17.7	7.0903	0.0020556	26904000
93835_TK_MC	2	1	1	17.7	11.014	3.35E-06	5861500
113465_TK_MC	2	1	1	17.7	11.014	3.35E-06	5861500
113510_TK_MC	1	5	3	15.9	45.488	1.35E-14	60233000
113535_TK_MC	1	1	1	29.8	6.9409	0.026839	8331200
113860_TK_MC	1	1	1	11.2	15.095	9.50E-08	13481000
114069_TK_MC	1	2	1	44.3	6.7073	8.39E-14	138680000
114260_TK_MC	1	1	1	6.7	15.815	0.0092481	22755000
114353_TK_MC	1	2	2	19.7	15.256	8.28E-12	224580000
114405_TK_MC	1	2	1	62.1	7.2229	1.92E-17	144760000
115206_TK_MC	3	4	4	14.1	40.89	3.61E-09	66192000
151567_TK_MC	3	4	4	14.1	40.89	3.61E-09	66192000
151566_TK_MC	3	4	4	14.1	40.89	3.61E-09	66192000
115801_TK_MC	2	3	3	25.5	16.828	3.15E-08	115030000
181054_TK_MC	2	3	3	25.5	16.828	3.15E-08	115030000
115806_TK_MC	1	1	1	9.6	9.758	0.011813	52732000
115848_TK_MC	4	5	3	22.1	27.695	1.42E-15	61558000
174138_TK_MC	4	5	3	22.1	27.695	1.42E-15	61558000
108365_TK_MC	4	5	3	22.1	27.695	1.42E-15	61558000
152131_TK_MC	4	5	3	22.1	27.695	1.42E-15	61558000
116062_TK_MC	1	1	1	7.8	12.986	0.021104	0
116142_TK_MC	1	1	1	12.8	9.5485	0.00024016	204660000
116358_TK_MC	1	1	1	3	40.62	0.012942	0
116649_TK_MC	1	2	1	13.4	18.788	1.31E-06	28564000
116708_TK_MC	1	1	1	40	4.502	0.019072	17659000
116861_TK_MC	2	9	9	42.9	21.226	1.61E-128	5583500000
168472_TK_MC	2	9	9	42.9	21.226	1.61E-128	5583500000
116938_TK_MC	1	1	1	16.9	6.8445	0.0038794	2414900
117093_TK_MC	1	1	1	27.3	6.0398	9.27E-07	7881200
117173_TK_MC	1	3	2	13.1	25.27	1.32E-09	187350000
118285_TK_MC	1	3	3	7.7	58.193	3.87E-12	33342000
118413_TK_MC	1	1	1	13	12.417	2.14E-08	12699000
118496_TK_MC	1	1	1	9.2	13.882	0.020112	44312000
118871_TK_MC	1	3	3	56.9	7.6067	1.85E-20	1117500000
119026_TK_MC	1	1	1	20	7.9922	0.018576	0
119229_TK_MC	2	4	4	56.3	10.089	2.19E-17	361710000
143945_TK_MC	2	4	4	56.3	10.089	2.19E-17	361710000
119247_TK_MC	1	1	1	6.8	16.463	0.026621	98457000
122680_TK_MC	2	1	1	1	117.67	0.0026371	31027000
119343_TK_MC	2	1	1	1	117.67	0.0026371	31027000
119344_TK_MC	1	1	1	16.3	9.8095	1.51E-09	34661000
119699_TK_MC	1	3	3	32.3	10.82	1.46E-07	353620000
119868_TK_MC	1	2	2	17.9	12.262	0.00019761	26267000
120438_TK_MC	1	2	2	23.4	16.047	9.78E-07	30646000
120448_TK_MC	1	1	1	28.6	7.7955	1.79E-22	117860000
120613_TK_MC	2	2	2	17.6	15.638	7.66E-06	68946000
157225_TK_MC	2	2	2	17.6	15.638	7.66E-06	68946000
120695_TK_MC	1	1	1	15.6	8.1074	0.0073113	86011000
121283_TK_MC	1	1	1	25.8	7.4703	2.88E-11	24185000
121389_TK_MC	2	8	8	30.8	29.575	8.84E-49	1591500000
156346_TK_MC	2	8	8	30.8	29.575	8.84E-49	1591500000
121971_TK_MC	1	1	1	15.1	8.9181	1.08E-05	84525000
122123_TK_MC	1	1	1	24.1	6.0968	7.83E-05	7693700
180765_TK_MC	4	1	1	5.4	22.887	0.0075189	9694100
79290_TK_MC	4	1	1	5.4	22.887	0.0075189	9694100
122173_TK_MC	4	1	1	5.4	22.887	0.0075189	9694100
99514_TK_MC	4	1	1	5.4	22.887	0.0075189	9694100
158742_TK_MC	2	4	4	4.8	126.26	4.38E-32	301590000
122249_TK_MC	2	4	4	4.8	126.26	4.38E-32	301590000
171471_TK_MC	8	1	1	2.6	39.032	0.0048099	0
82079_TK_MC	8	1	1	2.6	39.032	0.0048099	0
122293_TK_MC	8	1	1	2.6	39.032	0.0048099	0
171472_TK_MC	8	1	1	2.6	39.032	0.0048099	0
123704_TK_MC	8	1	1	2.6	39.032	0.0048099	0
169429_TK_MC	8	1	1	2.6	39.032	0.0048099	0
61308_TK_MC	8	1	1	2.6	39.032	0.0048099	0
89778_TK_MC	8	1	1	2.6	39.032	0.0048099	0
122298_TK_MC	1	5	1	23.4	31.107	3.75E-42	33397000
122359_TK_MC	2	1	1	2.7	30.81	8.14E-05	0
180026_TK_MC	2	1	1	2.7	30.81	8.14E-05	0
122397_TK_MC	1	1	1	4.5	27.862	0.02567	0
122460_TK_MC	2	1	1	2.6	62.996	0.0063352	0
157695_TK_MC	2	1	1	2.6	62.996	0.0063352	0
122554_TK_MC	3	1	1	13.9	13.056	1.73E-08	11838000
167077_TK_MC	3	1	1	13.9	13.056	1.73E-08	11838000
183261_TK_MC	3	1	1	13.9	13.056	1.73E-08	11838000
122614_TK_MC	3	5	4	11.3	59.393	1.72E-11	344880000
168863_TK_MC	3	5	4	11.3	59.393	1.72E-11	344880000
86453_TK_MC	3	5	4	11.3	59.393	1.72E-11	344880000
122626_TK_MC	2	1	1	8.9	14.179	0.001101	13606000
161202_TK_MC	2	1	1	8.9	14.179	0.001101	13606000
122678_TK_MC	4	7	7	28.4	38.324	1.14E-24	684050000
175879_TK_MC	4	7	7	28.4	38.324	1.14E-24	684050000
183282_TK_MC	4	7	7	28.4	38.324	1.14E-24	684050000
175878_TK_MC	4	7	7	28.4	38.324	1.14E-24	684050000
122709_TK_MC	1	3	3	17	15.214	2.43E-06	1037900000
122725_TK_MC	1	3	2	10.1	38.233	2.99E-14	327640000
122738_TK_MC	1	1	1	5.8	23.984	0.00020299	18593000
122739_TK_MC	2	4	2	10.1	49.643	2.90E-14	0
174120_TK_MC	2	4	2	10.1	49.643	2.90E-14	0
122861_TK_MC	1	1	1	13.2	11.918	4.65E-06	221210000
122946_TK_MC	1	1	1	5	23.178	0.0039717	42739000
123053_TK_MC	2	1	1	9.4	14.665	7.42E-05	0
180552_TK_MC	2	1	1	9.4	14.665	7.42E-05	0
123079_TK_MC	2	2	2	16.4	17.318	2.32E-07	66489000
157187_TK_MC	2	2	2	16.4	17.318	2.32E-07	66489000
123386_TK_MC	1	1	1	7.2	17.665	0.022315	17641000
123468_TK_MC	3	26	26	35.1	109.24	5.71E-191	4853100000
168051_TK_MC	3	26	26	35.1	109.24	5.71E-191	4853100000
168052_TK_MC	3	26	26	35.1	109.24	5.71E-191	4853100000
123692_TK_MC	1	5	5	35.1	17.449	5.88E-53	1262900000
123891_TK_MC	1	1	1	1.4	138.91	0.0021827	0
123916_TK_MC	1	13	1	23	84.948	7.11E-63	1061400000
178677_TK_MC	2	2	2	20.9	16.596	3.25E-05	60289000
123922_TK_MC	2	2	2	20.9	16.596	3.25E-05	60289000
123983_TK_MC	1	16	1	56.5	41.412	1.75E-126	1159400000
124125_TK_MC	5	2	2	11.5	25.297	7.83E-10	83286000
165585_TK_MC	5	2	2	11.5	25.297	7.83E-10	83286000
172239_TK_MC	5	2	2	11.5	25.297	7.83E-10	83286000
170678_TK_MC	5	2	2	11.5	25.297	7.83E-10	83286000
118983_TK_MC	5	2	2	11.5	25.297	7.83E-10	83286000
124154_TK_MC	2	2	2	5.1	60.673	2.70E-15	107580000
85240_TK_MC	2	2	2	5.1	60.673	2.70E-15	107580000
124170_TK_MC	6	3	3	16.5	23.41	1.97E-06	5337200
61582_TK_MC	6	3	3	16.5	23.41	1.97E-06	5337200
169530_TK_MC	6	3	3	16.5	23.41	1.97E-06	5337200
152441_TK_MC	6	3	3	16.5	23.41	1.97E-06	5337200
93682_TK_MC	6	3	3	16.5	23.41	1.97E-06	5337200
94164_TK_MC	6	3	3	16.5	23.41	1.97E-06	5337200
154773_TK_MC	5	2	2	4.3	59.076	0.00012544	24462000
124195_TK_MC	5	2	2	4.3	59.076	0.00012544	24462000
171277_TK_MC	5	2	2	4.3	59.076	0.00012544	24462000
171276_TK_MC	5	2	2	4.3	59.076	0.00012544	24462000
168383_TK_MC	5	2	2	4.3	59.076	0.00012544	24462000
124221_TK_MC	2	1	1	3	44.72	0.001402	17966000
159045_TK_MC	2	1	1	3	44.72	0.001402	17966000
124326_TK_MC	4	7	7	36.8	24.613	4.86E-83	2120400000
93908_TK_MC	4	7	7	36.8	24.613	4.86E-83	2120400000
153238_TK_MC	4	7	7	36.8	24.613	4.86E-83	2120400000
121070_TK_MC	4	7	7	36.8	24.613	4.86E-83	2120400000
124357_TK_MC	1	2	2	15.5	17.063	7.05E-06	290650000
157067_TK_MC	2	1	1	3.7	40.64	0.022754	17058000
124361_TK_MC	2	1	1	3.7	40.64	0.022754	17058000
124374_TK_MC	1	2	2	8.1	38.97	6.69E-07	19285000
124556_TK_MC	1	5	1	23.7	29.961	6.80E-15	0
182050_TK_MC	4	1	1	9.5	24.186	1.34E-15	69052000
124560_TK_MC	4	1	1	9.5	24.186	1.34E-15	69052000
164729_TK_MC	4	1	1	9.5	24.186	1.34E-15	69052000
155000_TK_MC	4	1	1	9.5	24.186	1.34E-15	69052000
124778_TK_MC	2	8	8	18.3	55	1.03E-25	587500000
158341_TK_MC	2	8	8	18.3	55	1.03E-25	587500000
124784_TK_MC	3	5	1	13.5	57.672	4.04E-26	28328000
163244_TK_MC	3	5	1	13.5	57.672	4.04E-26	28328000
173406_TK_MC	3	5	1	13.5	57.672	4.04E-26	28328000
125004_TK_MC	1	1	1	7.4	23.155	0.016244	0
125066_TK_MC	3	2	2	4.8	46.959	0.00019828	42647000
179531_TK_MC	3	2	2	4.8	46.959	0.00019828	42647000
163257_TK_MC	3	2	2	4.8	46.959	0.00019828	42647000
125164_TK_MC	6	4	1	30.3	15.967	1.41E-22	184060000
64871_TK_MC	6	4	1	30.3	15.967	1.41E-22	184060000
123972_TK_MC	6	4	1	30.3	15.967	1.41E-22	184060000
72192_TK_MC	6	4	1	30.3	15.967	1.41E-22	184060000
72190_TK_MC	6	4	1	30.3	15.967	1.41E-22	184060000
100485_TK_MC	6	4	1	30.3	15.967	1.41E-22	184060000
181650_TK_MC	2	1	1	9	53.403	0.026309	0
125397_TK_MC	2	1	1	9	53.403	0.026309	0
125967_TK_MC	2	1	1	7.9	18.678	0.00034951	3219300
183412_TK_MC	2	1	1	7.9	18.678	0.00034951	3219300
12608_TK_MC	1	1	1	38.7	3.4589	0.0036	106930000
62031_TK_MC	2	1	1	9	23.873	7.28E-05	18845000
126359_TK_MC	2	1	1	9	23.873	7.28E-05	18845000
126365_TK_MC	1	2	2	22.1	12.025	2.13E-07	63151000
177497_TK_MC	4	1	1	5.1	15.887	0.015668	135750000
62506_TK_MC	4	1	1	5.1	15.887	0.015668	135750000
126849_TK_MC	4	1	1	5.1	15.887	0.015668	135750000
158659_TK_MC	4	1	1	5.1	15.887	0.015668	135750000
127058_TK_MC	3	1	1	2.9	55.056	0.0064694	18384000
62683_TK_MC	3	1	1	2.9	55.056	0.0064694	18384000
62687_TK_MC	3	1	1	2.9	55.056	0.0064694	18384000
63122_TK_MC	3	4	4	41.9	17.751	4.60E-18	143860000
127727_TK_MC	3	4	4	41.9	17.751	4.60E-18	143860000
181340_TK_MC	3	4	4	41.9	17.751	4.60E-18	143860000
127844_TK_MC	4	3	2	8.7	37.083	3.07E-15	171330000
127845_TK_MC	4	3	2	8.7	37.083	3.07E-15	171330000
127843_TK_MC	4	3	2	8.7	37.083	3.07E-15	171330000
63334_TK_MC	4	3	2	8.7	37.083	3.07E-15	171330000
128722_TK_MC	5	1	1	4	19.664	0.021479	88329000
146554_TK_MC	5	1	1	4	19.664	0.021479	88329000
146553_TK_MC	5	1	1	4	19.664	0.021479	88329000
128721_TK_MC	5	1	1	4	19.664	0.021479	88329000
64330_TK_MC	5	1	1	4	19.664	0.021479	88329000
166910_TK_MC	4	1	1	4.9	37.308	0.017625	15759000
128903_TK_MC	4	1	1	4.9	37.308	0.017625	15759000
64597_TK_MC	4	1	1	4.9	37.308	0.017625	15759000
64378_TK_MC	4	1	1	4.9	37.308	0.017625	15759000
129370_TK_MC	10	2	2	7.2	50.273	8.74E-12	8020300
129367_TK_MC	10	2	2	7.2	50.273	8.74E-12	8020300
129366_TK_MC	10	2	2	7.2	50.273	8.74E-12	8020300
158734_TK_MC	10	2	2	7.2	50.273	8.74E-12	8020300
129374_TK_MC	10	2	2	7.2	50.273	8.74E-12	8020300
129375_TK_MC	10	2	2	7.2	50.273	8.74E-12	8020300
65277_TK_MC	10	2	2	7.2	50.273	8.74E-12	8020300
65276_TK_MC	10	2	2	7.2	50.273	8.74E-12	8020300
65264_TK_MC	10	2	2	7.2	50.273	8.74E-12	8020300
65269_TK_MC	10	2	2	7.2	50.273	8.74E-12	8020300
65303_TK_MC	5	1	1	3.4	60.42	3.84E-26	22541000
65302_TK_MC	5	1	1	3.4	60.42	3.84E-26	22541000
65305_TK_MC	5	1	1	3.4	60.42	3.84E-26	22541000
129405_TK_MC	5	1	1	3.4	60.42	3.84E-26	22541000
129404_TK_MC	5	1	1	3.4	60.42	3.84E-26	22541000
66376_TK_MC	4	6	6	23.1	37.53	4.65E-115	7315500000
66377_TK_MC	4	6	6	23.1	37.53	4.65E-115	7315500000
130189_TK_MC	4	6	6	23.1	37.53	4.65E-115	7315500000
167788_TK_MC	4	6	6	23.1	37.53	4.65E-115	7315500000
66472_TK_MC	4	1	1	6.4	26.407	0.013714	0
130247_TK_MC	4	1	1	6.4	26.407	0.013714	0
66470_TK_MC	4	1	1	6.4	26.407	0.013714	0
130246_TK_MC	4	1	1	6.4	26.407	0.013714	0
66723_TK_MC	4	2	2	1	273.9	4.72E-05	17697000
66726_TK_MC	4	2	2	1	273.9	4.72E-05	17697000
163082_TK_MC	4	2	2	1	273.9	4.72E-05	17697000
130430_TK_MC	4	2	2	1	273.9	4.72E-05	17697000
66934_TK_MC	2	3	3	7.3	52.226	1.62E-29	2278100000
130601_TK_MC	2	3	3	7.3	52.226	1.62E-29	2278100000
130604_TK_MC	3	1	1	7.8	18.435	0.00040866	0
130605_TK_MC	3	1	1	7.8	18.435	0.00040866	0
130606_TK_MC	3	1	1	7.8	18.435	0.00040866	0
130727_TK_MC	13	3	3	13.3	26.339	2.06E-08	166030000
130728_TK_MC	13	3	3	13.3	26.339	2.06E-08	166030000
175906_TK_MC	13	3	3	13.3	26.339	2.06E-08	166030000
130723_TK_MC	13	3	3	13.3	26.339	2.06E-08	166030000
130724_TK_MC	13	3	3	13.3	26.339	2.06E-08	166030000
130726_TK_MC	13	3	3	13.3	26.339	2.06E-08	166030000
157779_TK_MC	13	3	3	13.3	26.339	2.06E-08	166030000
67079_TK_MC	13	3	3	13.3	26.339	2.06E-08	166030000
130725_TK_MC	13	3	3	13.3	26.339	2.06E-08	166030000
175904_TK_MC	13	3	3	13.3	26.339	2.06E-08	166030000
183316_TK_MC	13	3	3	13.3	26.339	2.06E-08	166030000
175905_TK_MC	13	3	3	13.3	26.339	2.06E-08	166030000
183317_TK_MC	13	3	3	13.3	26.339	2.06E-08	166030000
67215_TK_MC	2	5	5	41.3	18.933	3.41E-26	573320000
130822_TK_MC	2	5	5	41.3	18.933	3.41E-26	573320000
130919_TK_MC	1	1	1	12.4	11.166	0.0024602	0
67495_TK_MC	2	1	1	18.5	6.6118	0.0029771	148790000
130977_TK_MC	2	1	1	18.5	6.6118	0.0029771	148790000
157553_TK_MC	8	6	6	15.1	64.4	3.78E-33	250980000
131185_TK_MC	8	6	6	15.1	64.4	3.78E-33	250980000
67669_TK_MC	8	6	6	15.1	64.4	3.78E-33	250980000
131186_TK_MC	8	6	6	15.1	64.4	3.78E-33	250980000
131188_TK_MC	8	6	6	15.1	64.4	3.78E-33	250980000
131187_TK_MC	8	6	6	15.1	64.4	3.78E-33	250980000
131184_TK_MC	8	6	6	15.1	64.4	3.78E-33	250980000
67668_TK_MC	8	6	6	15.1	64.4	3.78E-33	250980000
131847_TK_MC	4	1	1	5.6	37.291	0.02585	0
179383_TK_MC	4	1	1	5.6	37.291	0.02585	0
68627_TK_MC	4	1	1	5.6	37.291	0.02585	0
163362_TK_MC	4	1	1	5.6	37.291	0.02585	0
69046_TK_MC	2	1	1	5	16.041	0.023553	12889000
132116_TK_MC	2	1	1	5	16.041	0.023553	12889000
132691_TK_MC	4	1	1	5	26.799	0.0035138	12099000
132690_TK_MC	4	1	1	5	26.799	0.0035138	12099000
172292_TK_MC	4	1	1	5	26.799	0.0035138	12099000
172293_TK_MC	4	1	1	5	26.799	0.0035138	12099000
132704_TK_MC	2	14	5	44.9	54.157	6.56E-189	1838500000
132705_TK_MC	2	14	5	44.9	54.157	6.56E-189	1838500000
61630_TK_MC	5	1	1	0.8	114.73	0.00087873	265530000
132919_TK_MC	5	1	1	0.8	114.73	0.00087873	265530000
169553_TK_MC	5	1	1	0.8	114.73	0.00087873	265530000
167864_TK_MC	5	1	1	0.8	114.73	0.00087873	265530000
97733_TK_MC	5	1	1	0.8	114.73	0.00087873	265530000
133087_TK_MC	3	2	2	9.3	38.605	0.00027199	7876800
133088_TK_MC	3	2	2	9.3	38.605	0.00027199	7876800
70442_TK_MC	3	2	2	9.3	38.605	0.00027199	7876800
183212_TK_MC	6	3	3	5.6	56.85	3.36E-07	197620000
175833_TK_MC	6	3	3	5.6	56.85	3.36E-07	197620000
71190_TK_MC	6	3	3	5.6	56.85	3.36E-07	197620000
133513_TK_MC	6	3	3	5.6	56.85	3.36E-07	197620000
163240_TK_MC	6	3	3	5.6	56.85	3.36E-07	197620000
87057_TK_MC	6	3	3	5.6	56.85	3.36E-07	197620000
71658_TK_MC	5	1	1	4.3	30.232	0.00026744	0
133806_TK_MC	5	1	1	4.3	30.232	0.00026744	0
133808_TK_MC	5	1	1	4.3	30.232	0.00026744	0
162929_TK_MC	5	1	1	4.3	30.232	0.00026744	0
71663_TK_MC	5	1	1	4.3	30.232	0.00026744	0
134110_TK_MC	1	1	1	14.5	8.5159	0.0046745	47241000
134144_TK_MC	2	4	4	54.5	8.6319	6.04E-09	357970000
134143_TK_MC	2	4	4	54.5	8.6319	6.04E-09	357970000
176331_TK_MC	11	2	2	5.8	45.274	1.40E-05	68196000
176332_TK_MC	11	2	2	5.8	45.274	1.40E-05	68196000
166542_TK_MC	11	2	2	5.8	45.274	1.40E-05	68196000
134156_TK_MC	11	2	2	5.8	45.274	1.40E-05	68196000
134158_TK_MC	11	2	2	5.8	45.274	1.40E-05	68196000
72166_TK_MC	11	2	2	5.8	45.274	1.40E-05	68196000
183850_TK_MC	11	2	2	5.8	45.274	1.40E-05	68196000
177539_TK_MC	11	2	2	5.8	45.274	1.40E-05	68196000
72167_TK_MC	11	2	2	5.8	45.274	1.40E-05	68196000
170679_TK_MC	11	2	2	5.8	45.274	1.40E-05	68196000
72162_TK_MC	11	2	2	5.8	45.274	1.40E-05	68196000
176619_TK_MC	5	4	1	50.9	47.298	1.40E-23	883330000
168349_TK_MC	5	4	1	50.9	47.298	1.40E-23	883330000
176618_TK_MC	5	4	1	50.9	47.298	1.40E-23	883330000
72191_TK_MC	5	4	1	50.9	47.298	1.40E-23	883330000
134179_TK_MC	5	4	1	50.9	47.298	1.40E-23	883330000
169121_TK_MC	4	1	1	2.5	53.605	0.0062068	0
72702_TK_MC	4	1	1	2.5	53.605	0.0062068	0
134500_TK_MC	4	1	1	2.5	53.605	0.0062068	0
179285_TK_MC	4	1	1	2.5	53.605	0.0062068	0
73301_TK_MC	6	2	2	5.3	46.049	0.0002201	64270000
134842_TK_MC	6	2	2	5.3	46.049	0.0002201	64270000
182493_TK_MC	6	2	2	5.3	46.049	0.0002201	64270000
158953_TK_MC	6	2	2	5.3	46.049	0.0002201	64270000
73299_TK_MC	6	2	2	5.3	46.049	0.0002201	64270000
182494_TK_MC	6	2	2	5.3	46.049	0.0002201	64270000
73422_TK_MC	4	3	3	26.4	19.326	1.08E-13	32918000
134904_TK_MC	4	3	3	26.4	19.326	1.08E-13	32918000
134903_TK_MC	4	3	3	26.4	19.326	1.08E-13	32918000
134902_TK_MC	4	3	3	26.4	19.326	1.08E-13	32918000
74089_TK_MC	5	1	1	6.1	27.592	1.35E-06	15908000
74093_TK_MC	5	1	1	6.1	27.592	1.35E-06	15908000
74088_TK_MC	5	1	1	6.1	27.592	1.35E-06	15908000
135282_TK_MC	5	1	1	6.1	27.592	1.35E-06	15908000
135285_TK_MC	5	1	1	6.1	27.592	1.35E-06	15908000
136148_TK_MC	3	1	1	10.2	15.539	0.00028812	0
75579_TK_MC	3	1	1	10.2	15.539	0.00028812	0
183146_TK_MC	3	1	1	10.2	15.539	0.00028812	0
136554_TK_MC	20	1	1	5.3	22.953	0.0015754	0
172502_TK_MC	20	1	1	5.3	22.953	0.0015754	0
169475_TK_MC	20	1	1	5.3	22.953	0.0015754	0
172363_TK_MC	20	1	1	5.3	22.953	0.0015754	0
163452_TK_MC	20	1	1	5.3	22.953	0.0015754	0
136291_TK_MC	20	1	1	5.3	22.953	0.0015754	0
169477_TK_MC	20	1	1	5.3	22.953	0.0015754	0
169476_TK_MC	20	1	1	5.3	22.953	0.0015754	0
138064_TK_MC	20	1	1	5.3	22.953	0.0015754	0
75852_TK_MC	20	1	1	5.3	22.953	0.0015754	0
78710_TK_MC	20	1	1	5.3	22.953	0.0015754	0
76314_TK_MC	20	1	1	5.3	22.953	0.0015754	0
179482_TK_MC	20	1	1	5.3	22.953	0.0015754	0
61438_TK_MC	20	1	1	5.3	22.953	0.0015754	0
75778_TK_MC	20	1	1	5.3	22.953	0.0015754	0
78709_TK_MC	20	1	1	5.3	22.953	0.0015754	0
61443_TK_MC	20	1	1	5.3	22.953	0.0015754	0
169478_TK_MC	20	1	1	5.3	22.953	0.0015754	0
136290_TK_MC	20	1	1	5.3	22.953	0.0015754	0
76313_TK_MC	20	1	1	5.3	22.953	0.0015754	0
175120_TK_MC	6	1	1	1.2	145.2	0.0051267	16849000
136811_TK_MC	6	1	1	1.2	145.2	0.0051267	16849000
76777_TK_MC	6	1	1	1.2	145.2	0.0051267	16849000
164709_TK_MC	6	1	1	1.2	145.2	0.0051267	16849000
136810_TK_MC	6	1	1	1.2	145.2	0.0051267	16849000
175121_TK_MC	6	1	1	1.2	145.2	0.0051267	16849000
136885_TK_MC	2	4	1	16.8	21.669	3.46E-11	487320000
76887_TK_MC	2	4	1	16.8	21.669	3.46E-11	487320000
178413_TK_MC	3	1	1	6.2	21.758	0.019408	11090000
76945_TK_MC	3	1	1	6.2	21.758	0.019408	11090000
136902_TK_MC	3	1	1	6.2	21.758	0.019408	11090000
137258_TK_MC	15	16	1	30.1	67.762	1.63E-99	15085000000
176175_TK_MC	15	16	1	30.1	67.762	1.63E-99	15085000000
176174_TK_MC	15	16	1	30.1	67.762	1.63E-99	15085000000
176178_TK_MC	15	16	1	30.1	67.762	1.63E-99	15085000000
176179_TK_MC	15	16	1	30.1	67.762	1.63E-99	15085000000
137257_TK_MC	15	16	1	30.1	67.762	1.63E-99	15085000000
176183_TK_MC	15	16	1	30.1	67.762	1.63E-99	15085000000
176186_TK_MC	15	16	1	30.1	67.762	1.63E-99	15085000000
77450_TK_MC	15	16	1	30.1	67.762	1.63E-99	15085000000
176173_TK_MC	15	16	1	30.1	67.762	1.63E-99	15085000000
176172_TK_MC	15	16	1	30.1	67.762	1.63E-99	15085000000
176171_TK_MC	15	16	1	30.1	67.762	1.63E-99	15085000000
176184_TK_MC	15	16	1	30.1	67.762	1.63E-99	15085000000
176168_TK_MC	15	16	1	30.1	67.762	1.63E-99	15085000000
183654_TK_MC	15	16	1	30.1	67.762	1.63E-99	15085000000
77490_TK_MC	4	1	1	1	138.76	0.027541	12425000
137289_TK_MC	4	1	1	1	138.76	0.027541	12425000
77491_TK_MC	4	1	1	1	138.76	0.027541	12425000
159862_TK_MC	4	1	1	1	138.76	0.027541	12425000
77721_TK_MC	4	6	6	26	26.411	5.93E-14	202360000
137444_TK_MC	4	6	6	26	26.411	5.93E-14	202360000
137445_TK_MC	4	6	6	26	26.411	5.93E-14	202360000
137446_TK_MC	4	6	6	26	26.411	5.93E-14	202360000
138029_TK_MC	1	1	1	4.9	29.758	0.0094411	0
138058_TK_MC	6	2	2	5.8	43.999	0.00031569	0
78707_TK_MC	6	2	2	5.8	43.999	0.00031569	0
138059_TK_MC	6	2	2	5.8	43.999	0.00031569	0
78705_TK_MC	6	2	2	5.8	43.999	0.00031569	0
138060_TK_MC	6	2	2	5.8	43.999	0.00031569	0
138057_TK_MC	6	2	2	5.8	43.999	0.00031569	0
138222_TK_MC	3	1	1	3.7	27.809	0.0077251	66472000
79054_TK_MC	3	1	1	3.7	27.809	0.0077251	66472000
164445_TK_MC	3	1	1	3.7	27.809	0.0077251	66472000
182157_TK_MC	3	1	1	7.5	14.814	0.0077186	0
159407_TK_MC	3	1	1	7.5	14.814	0.0077186	0
138359_TK_MC	3	1	1	7.5	14.814	0.0077186	0
138461_TK_MC	19	9	9	25.7	46.265	4.11E-26	390130000
174847_TK_MC	19	9	9	25.7	46.265	4.11E-26	390130000
138462_TK_MC	19	9	9	25.7	46.265	4.11E-26	390130000
174845_TK_MC	19	9	9	25.7	46.265	4.11E-26	390130000
174846_TK_MC	19	9	9	25.7	46.265	4.11E-26	390130000
174849_TK_MC	19	9	9	25.7	46.265	4.11E-26	390130000
174851_TK_MC	19	9	9	25.7	46.265	4.11E-26	390130000
174848_TK_MC	19	9	9	25.7	46.265	4.11E-26	390130000
174844_TK_MC	19	9	9	25.7	46.265	4.11E-26	390130000
79386_TK_MC	19	9	9	25.7	46.265	4.11E-26	390130000
79387_TK_MC	19	9	9	25.7	46.265	4.11E-26	390130000
174842_TK_MC	19	9	9	25.7	46.265	4.11E-26	390130000
174843_TK_MC	19	9	9	25.7	46.265	4.11E-26	390130000
174854_TK_MC	19	9	9	25.7	46.265	4.11E-26	390130000
174853_TK_MC	19	9	9	25.7	46.265	4.11E-26	390130000
174852_TK_MC	19	9	9	25.7	46.265	4.11E-26	390130000
79388_TK_MC	19	9	9	25.7	46.265	4.11E-26	390130000
79383_TK_MC	19	9	9	25.7	46.265	4.11E-26	390130000
174850_TK_MC	19	9	9	25.7	46.265	4.11E-26	390130000
138528_TK_MC	4	1	1	4.5	24.264	0.015121	7827600
181786_TK_MC	4	1	1	4.5	24.264	0.015121	7827600
79516_TK_MC	4	1	1	4.5	24.264	0.015121	7827600
138527_TK_MC	4	1	1	4.5	24.264	0.015121	7827600
80129_TK_MC	4	1	1	5.7	38.095	0.022933	0
160391_TK_MC	4	1	1	5.7	38.095	0.022933	0
175898_TK_MC	4	1	1	5.7	38.095	0.022933	0
138916_TK_MC	4	1	1	5.7	38.095	0.022933	0
139009_TK_MC	4	2	1	16.3	16.611	5.23E-14	226430000
139010_TK_MC	4	2	1	16.3	16.611	5.23E-14	226430000
139011_TK_MC	4	2	1	16.3	16.611	5.23E-14	226430000
80342_TK_MC	4	2	1	16.3	16.611	5.23E-14	226430000
173713_TK_MC	6	1	1	2.9	57.421	2.83E-12	15965000
173714_TK_MC	6	1	1	2.9	57.421	2.83E-12	15965000
180888_TK_MC	6	1	1	2.9	57.421	2.83E-12	15965000
80363_TK_MC	6	1	1	2.9	57.421	2.83E-12	15965000
139026_TK_MC	6	1	1	2.9	57.421	2.83E-12	15965000
139024_TK_MC	6	1	1	2.9	57.421	2.83E-12	15965000
139160_TK_MC	4	5	5	24	30.299	2.61E-46	289170000
80623_TK_MC	4	5	5	24	30.299	2.61E-46	289170000
80624_TK_MC	4	5	5	24	30.299	2.61E-46	289170000
139159_TK_MC	4	5	5	24	30.299	2.61E-46	289170000
139164_TK_MC	4	16	16	44.9	52.277	4.62E-162	5090800000
139163_TK_MC	4	16	16	44.9	52.277	4.62E-162	5090800000
CON__ENSEMBL:ENSBTAP00000016242	4	16	16	44.9	52.277	4.62E-162	5090800000
151538_TK_MC	4	16	16	44.9	52.277	4.62E-162	5090800000
182398_TK_MC	10	2	2	11.5	14.926	0.00022408	307480000
177349_TK_MC	10	2	2	11.5	14.926	0.00022408	307480000
80660_TK_MC	10	2	2	11.5	14.926	0.00022408	307480000
139183_TK_MC	10	2	2	11.5	14.926	0.00022408	307480000
80662_TK_MC	10	2	2	11.5	14.926	0.00022408	307480000
65379_TK_MC	10	2	2	11.5	14.926	0.00022408	307480000
65380_TK_MC	10	2	2	11.5	14.926	0.00022408	307480000
65381_TK_MC	10	2	2	11.5	14.926	0.00022408	307480000
152962_TK_MC	10	2	2	11.5	14.926	0.00022408	307480000
92917_TK_MC	10	2	2	11.5	14.926	0.00022408	307480000
139649_TK_MC	8	3	3	15.8	26.913	1.69E-10	397440000
139650_TK_MC	8	3	3	15.8	26.913	1.69E-10	397440000
139648_TK_MC	8	3	3	15.8	26.913	1.69E-10	397440000
164660_TK_MC	8	3	3	15.8	26.913	1.69E-10	397440000
139646_TK_MC	8	3	3	15.8	26.913	1.69E-10	397440000
139647_TK_MC	8	3	3	15.8	26.913	1.69E-10	397440000
139644_TK_MC	8	3	3	15.8	26.913	1.69E-10	397440000
139645_TK_MC	8	3	3	15.8	26.913	1.69E-10	397440000
182336_TK_MC	6	8	8	33	25.066	7.85E-19	1975200000
166896_TK_MC	6	8	8	33	25.066	7.85E-19	1975200000
182337_TK_MC	6	8	8	33	25.066	7.85E-19	1975200000
81580_TK_MC	6	8	8	33	25.066	7.85E-19	1975200000
139685_TK_MC	6	8	8	33	25.066	7.85E-19	1975200000
81583_TK_MC	6	8	8	33	25.066	7.85E-19	1975200000
139706_TK_MC	2	5	5	14.6	35.383	5.79E-11	397860000
114546_TK_MC	2	5	5	14.6	35.383	5.79E-11	397860000
139745_TK_MC	3	1	1	4.3	36.933	0.0018608	6056400
81676_TK_MC	3	1	1	4.3	36.933	0.0018608	6056400
168185_TK_MC	3	1	1	4.3	36.933	0.0018608	6056400
140096_TK_MC	2	9	9	30.8	44.326	6.07E-62	928170000
82258_TK_MC	2	9	9	30.8	44.326	6.07E-62	928170000
140101_TK_MC	1	2	2	70.6	3.52	5.50E-06	213730000
82662_TK_MC	3	1	1	2.1	57.392	0.014099	36983000
140322_TK_MC	3	1	1	2.1	57.392	0.014099	36983000
146836_TK_MC	3	1	1	2.1	57.392	0.014099	36983000
157712_TK_MC	12	1	1	5.7	28.315	0.00024382	12047000
81768_TK_MC	12	1	1	5.7	28.315	0.00024382	12047000
170617_TK_MC	12	1	1	5.7	28.315	0.00024382	12047000
82772_TK_MC	12	1	1	5.7	28.315	0.00024382	12047000
156373_TK_MC	12	1	1	5.7	28.315	0.00024382	12047000
164844_TK_MC	12	1	1	5.7	28.315	0.00024382	12047000
170618_TK_MC	12	1	1	5.7	28.315	0.00024382	12047000
169772_TK_MC	12	1	1	5.7	28.315	0.00024382	12047000
175507_TK_MC	12	1	1	5.7	28.315	0.00024382	12047000
169773_TK_MC	12	1	1	5.7	28.315	0.00024382	12047000
140388_TK_MC	12	1	1	5.7	28.315	0.00024382	12047000
62738_TK_MC	12	1	1	5.7	28.315	0.00024382	12047000
140915_TK_MC	3	1	1	2.9	36.429	0.0012192	9040400
83568_TK_MC	3	1	1	2.9	36.429	0.0012192	9040400
140916_TK_MC	3	1	1	2.9	36.429	0.0012192	9040400
141009_TK_MC	1	1	1	28.3	6.165	0.023059	0
83793_TK_MC	5	1	1	4.4	39.924	0.0102	8392900
83791_TK_MC	5	1	1	4.4	39.924	0.0102	8392900
83795_TK_MC	5	1	1	4.4	39.924	0.0102	8392900
83789_TK_MC	5	1	1	4.4	39.924	0.0102	8392900
141045_TK_MC	5	1	1	4.4	39.924	0.0102	8392900
141551_TK_MC	11	13	13	25.7	76.307	1.40E-106	1819300000
84406_TK_MC	11	13	13	25.7	76.307	1.40E-106	1819300000
141552_TK_MC	11	13	13	25.7	76.307	1.40E-106	1819300000
141545_TK_MC	11	13	13	25.7	76.307	1.40E-106	1819300000
141549_TK_MC	11	13	13	25.7	76.307	1.40E-106	1819300000
141546_TK_MC	11	13	13	25.7	76.307	1.40E-106	1819300000
84412_TK_MC	11	13	13	25.7	76.307	1.40E-106	1819300000
141544_TK_MC	11	13	13	25.7	76.307	1.40E-106	1819300000
141548_TK_MC	11	13	13	25.7	76.307	1.40E-106	1819300000
84411_TK_MC	11	13	13	25.7	76.307	1.40E-106	1819300000
141550_TK_MC	11	13	13	25.7	76.307	1.40E-106	1819300000
141625_TK_MC	3	2	2	20.6	11.784	4.30E-06	246000000
171498_TK_MC	3	2	2	20.6	11.784	4.30E-06	246000000
84530_TK_MC	3	2	2	20.6	11.784	4.30E-06	246000000
84823_TK_MC	3	1	1	4.5	35.861	0.012699	9719000
141904_TK_MC	3	1	1	4.5	35.861	0.012699	9719000
164783_TK_MC	3	1	1	4.5	35.861	0.012699	9719000
85197_TK_MC	2	3	0	6.1	71.736	5.66E-17	102440000
142307_TK_MC	2	3	0	6.1	71.736	5.66E-17	102440000
177127_TK_MC	9	3	3	10.1	45.838	3.99E-08	42507000
79867_TK_MC	9	3	3	10.1	45.838	3.99E-08	42507000
143137_TK_MC	9	3	3	10.1	45.838	3.99E-08	42507000
143135_TK_MC	9	3	3	10.1	45.838	3.99E-08	42507000
143139_TK_MC	9	3	3	10.1	45.838	3.99E-08	42507000
143138_TK_MC	9	3	3	10.1	45.838	3.99E-08	42507000
143136_TK_MC	9	3	3	10.1	45.838	3.99E-08	42507000
143140_TK_MC	9	3	3	10.1	45.838	3.99E-08	42507000
85973_TK_MC	9	3	3	10.1	45.838	3.99E-08	42507000
143370_TK_MC	1	2	2	23.5	14.977	7.79E-05	5546600
143556_TK_MC	3	6	5	20.3	37.889	5.81E-15	207840000
86388_TK_MC	3	6	5	20.3	37.889	5.81E-15	207840000
112319_TK_MC	3	6	5	20.3	37.889	5.81E-15	207840000
143564_TK_MC	3	3	3	23.3	26.184	3.27E-09	133990000
143563_TK_MC	3	3	3	23.3	26.184	3.27E-09	133990000
156465_TK_MC	3	3	3	23.3	26.184	3.27E-09	133990000
143854_TK_MC	2	1	1	9.1	13.439	0.00047456	35029000
143855_TK_MC	2	1	1	9.1	13.439	0.00047456	35029000
144435_TK_MC	1	1	1	20.3	8.5019	1.76E-09	34155000
144538_TK_MC	2	2	2	20	9.9034	6.00E-05	32735000
89885_TK_MC	2	2	2	20	9.9034	6.00E-05	32735000
144685_TK_MC	1	1	1	9.6	13.447	0.0041594	7779100
144696_TK_MC	1	3	3	25.2	15.428	1.18E-14	410340000
144859_TK_MC	2	1	1	10.7	22.683	0.0073276	8198900
91155_TK_MC	2	1	1	10.7	22.683	0.0073276	8198900
144937_TK_MC	1	1	1	17.9	11.414	2.99E-07	8021400
91746_TK_MC	2	9	7	34.3	32.155	6.30E-45	1238300000
145039_TK_MC	2	9	7	34.3	32.155	6.30E-45	1238300000
145095_TK_MC	3	3	3	6.5	55.676	8.71E-10	38647000
179872_TK_MC	3	3	3	6.5	55.676	8.71E-10	38647000
172781_TK_MC	3	3	3	6.5	55.676	8.71E-10	38647000
145134_TK_MC	1	1	1	7.8	18.727	0.01001	0
146610_TK_MC	3	1	1	2.3	100.11	0.010759	0
146611_TK_MC	3	1	1	2.3	100.11	0.010759	0
97484_TK_MC	3	1	1	2.3	100.11	0.010759	0
97862_TK_MC	2	2	2	26.9	7.8399	2.80E-08	167850000
146721_TK_MC	2	2	2	26.9	7.8399	2.80E-08	167850000
147227_TK_MC	1	1	1	6.3	17.583	0.0072578	0
147605_TK_MC	2	2	2	10.1	24.172	9.64E-11	177540000
100666_TK_MC	2	2	2	10.1	24.172	9.64E-11	177540000
148093_TK_MC	3	5	5	29.9	21.862	6.70E-15	139340000
144453_TK_MC	3	5	5	29.9	21.862	6.70E-15	139340000
112235_TK_MC	3	5	5	29.9	21.862	6.70E-15	139340000
182621_TK_MC	2	6	6	10.7	71.267	5.41E-16	110360000
148363_TK_MC	2	6	6	10.7	71.267	5.41E-16	110360000
148550_TK_MC	1	1	1	4	28.747	0.0090325	6167600
149218_TK_MC	1	1	1	57.4	4.9366	0.026105	0
150123_TK_MC	1	5	5	19.5	47.545	1.96E-46	265930000
150581_TK_MC	1	4	2	50	11.599	9.10E-30	187700000
151737_TK_MC	1	2	2	4.3	55.991	4.05E-05	113810000
151765_TK_MC	3	2	2	9.5	25.114	7.60E-05	21390000
151766_TK_MC	3	2	2	9.5	25.114	7.60E-05	21390000
112769_TK_MC	3	2	2	9.5	25.114	7.60E-05	21390000
151788_TK_MC	6	3	3	19.3	23.296	2.24E-17	39447000
151787_TK_MC	6	3	3	19.3	23.296	2.24E-17	39447000
174141_TK_MC	6	3	3	19.3	23.296	2.24E-17	39447000
138873_TK_MC	6	3	3	19.3	23.296	2.24E-17	39447000
80025_TK_MC	6	3	3	19.3	23.296	2.24E-17	39447000
111679_TK_MC	6	3	3	19.3	23.296	2.24E-17	39447000
170834_TK_MC	2	1	1	8.5	18.451	0.0017179	17041000
151979_TK_MC	2	1	1	8.5	18.451	0.0017179	17041000
152040_TK_MC	1	1	1	18.6	7.4775	0.0006475	4241700
152683_TK_MC	1	1	1	24.1	6.5672	3.07E-06	14257000
152772_TK_MC	1	1	1	7.7	35.802	7.17E-06	0
180999_TK_MC	4	4	4	20.6	27.798	1.56E-15	114170000
153599_TK_MC	4	4	4	20.6	27.798	1.56E-15	114170000
153597_TK_MC	4	4	4	20.6	27.798	1.56E-15	114170000
160034_TK_MC	4	4	4	20.6	27.798	1.56E-15	114170000
153640_TK_MC	2	5	5	24.5	26.774	4.44E-22	333560000
153639_TK_MC	2	5	5	24.5	26.774	4.44E-22	333560000
178277_TK_MC	3	1	1	4	30.619	0.00083287	0
159973_TK_MC	3	1	1	4	30.619	0.00083287	0
153970_TK_MC	3	1	1	4	30.619	0.00083287	0
154126_TK_MC	1	2	2	15.5	16.113	7.91E-06	54957000
154345_TK_MC	1	1	1	20.8	8.5338	0.00054166	8353500
154605_TK_MC	1	1	1	20.8	16.242	0.021365	36905000
179544_TK_MC	2	9	9	14.8	73.747	4.88E-56	201950000
154940_TK_MC	2	9	9	14.8	73.747	4.88E-56	201950000
180893_TK_MC	2	1	1	3	34.127	0.0059187	0
154985_TK_MC	2	1	1	3	34.127	0.0059187	0
155072_TK_MC	1	1	1	26.3	4.2939	0.014695	113730000
155219_TK_MC	1	1	1	4.6	27.387	0.0014683	0
164203_TK_MC	2	2	2	3.8	69.75	4.04E-09	15458000
155271_TK_MC	2	2	2	3.8	69.75	4.04E-09	15458000
169486_TK_MC	6	1	1	8.3	11.993	0.017745	32619000
173620_TK_MC	6	1	1	8.3	11.993	0.017745	32619000
155506_TK_MC	6	1	1	8.3	11.993	0.017745	32619000
169487_TK_MC	6	1	1	8.3	11.993	0.017745	32619000
176487_TK_MC	6	1	1	8.3	11.993	0.017745	32619000
169728_TK_MC	6	1	1	8.3	11.993	0.017745	32619000
178776_TK_MC	4	2	2	5.8	38.157	3.93E-05	19581000
159946_TK_MC	4	2	2	5.8	38.157	3.93E-05	19581000
171866_TK_MC	4	2	2	5.8	38.157	3.93E-05	19581000
155591_TK_MC	4	2	2	5.8	38.157	3.93E-05	19581000
156148_TK_MC	1	1	1	2.8	37.966	0.0022819	58668000
72893_TK_MC	5	1	1	5.7	22.357	0.019676	11026000
178202_TK_MC	5	1	1	5.7	22.357	0.019676	11026000
156378_TK_MC	5	1	1	5.7	22.357	0.019676	11026000
171374_TK_MC	5	1	1	5.7	22.357	0.019676	11026000
170878_TK_MC	5	1	1	5.7	22.357	0.019676	11026000
156498_TK_MC	1	1	1	2.4	37.546	0.013919	8368600
156592_TK_MC	1	4	1	37.6	15.89	4.35E-62	276840000
156723_TK_MC	5	2	2	14.6	22.43	8.66E-07	42126000
75351_TK_MC	5	2	2	14.6	22.43	8.66E-07	42126000
136038_TK_MC	5	2	2	14.6	22.43	8.66E-07	42126000
136036_TK_MC	5	2	2	14.6	22.43	8.66E-07	42126000
136037_TK_MC	5	2	2	14.6	22.43	8.66E-07	42126000
156741_TK_MC	1	4	4	12.8	50.533	6.61E-16	53682000
156817_TK_MC	1	1	1	2	60.623	0.025316	0
157044_TK_MC	3	11	11	19	81.795	6.41E-34	258460000
69171_TK_MC	3	11	11	19	81.795	6.41E-34	258460000
69172_TK_MC	3	11	11	19	81.795	6.41E-34	258460000
66482_TK_MC	3	1	1	1.3	93.272	0.005579	0
157140_TK_MC	3	1	1	1.3	93.272	0.005579	0
66480_TK_MC	3	1	1	1.3	93.272	0.005579	0
157144_TK_MC	6	8	8	16.2	62.961	3.39E-27	264050000
169855_TK_MC	6	8	8	16.2	62.961	3.39E-27	264050000
178937_TK_MC	6	8	8	16.2	62.961	3.39E-27	264050000
172054_TK_MC	6	8	8	16.2	62.961	3.39E-27	264050000
172053_TK_MC	6	8	8	16.2	62.961	3.39E-27	264050000
178939_TK_MC	6	8	8	16.2	62.961	3.39E-27	264050000
157161_TK_MC	2	1	1	2.4	56.508	0.00058422	0
173075_TK_MC	2	1	1	2.4	56.508	0.00058422	0
157176_TK_MC	1	1	1	2.6	51.139	0.011276	6528100
157230_TK_MC	1	1	1	3.2	51.993	0.016603	0
157235_TK_MC	1	1	1	13.2	15.387	5.82E-05	3876500
157236_TK_MC	1	4	4	37.2	21.779	1.54E-41	334080000
157550_TK_MC	2	1	1	2.3	52.042	0.027568	9777700
88958_TK_MC	2	1	1	2.3	52.042	0.027568	9777700
157763_TK_MC	6	4	4	8.3	77.524	8.50E-12	31619000
75452_TK_MC	6	4	4	8.3	77.524	8.50E-12	31619000
75451_TK_MC	6	4	4	8.3	77.524	8.50E-12	31619000
75449_TK_MC	6	4	4	8.3	77.524	8.50E-12	31619000
162989_TK_MC	6	4	4	8.3	77.524	8.50E-12	31619000
162988_TK_MC	6	4	4	8.3	77.524	8.50E-12	31619000
68593_TK_MC	3	1	1	1	116.63	0.0056351	8432900
68594_TK_MC	3	1	1	1	116.63	0.0056351	8432900
157869_TK_MC	3	1	1	1	116.63	0.0056351	8432900
158002_TK_MC	1	2	2	6.2	38.15	1.68E-10	25219000
158051_TK_MC	2	6	6	11.6	56.763	1.39E-11	149180000
151844_TK_MC	2	6	6	11.6	56.763	1.39E-11	149180000
158053_TK_MC	1	5	5	19.5	38.227	3.52E-31	162230000
69271_TK_MC	3	11	11	25.2	53.996	1.40E-76	833730000
158444_TK_MC	3	11	11	25.2	53.996	1.40E-76	833730000
132271_TK_MC	3	11	11	25.2	53.996	1.40E-76	833730000
158640_TK_MC	2	5	3	22.3	30.727	1.14E-19	807360000
122138_TK_MC	2	5	3	22.3	30.727	1.14E-19	807360000
159133_TK_MC	3	13	1	26.3	74.393	5.22E-62	0
178604_TK_MC	3	13	1	26.3	74.393	5.22E-62	0
178603_TK_MC	3	13	1	26.3	74.393	5.22E-62	0
159153_TK_MC	2	5	5	26	32.885	1.17E-37	397300000
86879_TK_MC	2	5	5	26	32.885	1.17E-37	397300000
159576_TK_MC	1	18	6	53.8	51.139	6.81E-133	3024800000
159670_TK_MC	3	19	19	21.4	126.92	7.62E-100	2087700000
169879_TK_MC	3	19	19	21.4	126.92	7.62E-100	2087700000
72642_TK_MC	3	19	19	21.4	126.92	7.62E-100	2087700000
159876_TK_MC	3	2	2	6.9	33.71	2.84E-05	24925000
77750_TK_MC	3	2	2	6.9	33.71	2.84E-05	24925000
176622_TK_MC	3	2	2	6.9	33.71	2.84E-05	24925000
160004_TK_MC	1	1	1	4	29.966	0.022405	8489700
77486_TK_MC	2	1	1	4.4	36.865	0.0014166	10869000
160267_TK_MC	2	1	1	4.4	36.865	0.0014166	10869000
63514_TK_MC	3	2	2	6.4	34.625	3.87E-05	11069000
63515_TK_MC	3	2	2	6.4	34.625	3.87E-05	11069000
160366_TK_MC	3	2	2	6.4	34.625	3.87E-05	11069000
160602_TK_MC	1	1	1	4.6	24.931	0.026954	18654000
174396_TK_MC	11	1	1	5.2	24.086	0.0089221	167940000
181718_TK_MC	11	1	1	5.2	24.086	0.0089221	167940000
174397_TK_MC	11	1	1	5.2	24.086	0.0089221	167940000
181720_TK_MC	11	1	1	5.2	24.086	0.0089221	167940000
174393_TK_MC	11	1	1	5.2	24.086	0.0089221	167940000
174394_TK_MC	11	1	1	5.2	24.086	0.0089221	167940000
160620_TK_MC	11	1	1	5.2	24.086	0.0089221	167940000
174392_TK_MC	11	1	1	5.2	24.086	0.0089221	167940000
91513_TK_MC	11	1	1	5.2	24.086	0.0089221	167940000
174395_TK_MC	11	1	1	5.2	24.086	0.0089221	167940000
174398_TK_MC	11	1	1	5.2	24.086	0.0089221	167940000
72608_TK_MC	2	1	1	2.3	38.934	0.017421	432590000
160631_TK_MC	2	1	1	2.3	38.934	0.017421	432590000
160940_TK_MC	1	2	2	11	25.53	1.12E-11	49477000
161322_TK_MC	1	2	2	7.6	38.998	0.00010892	26301000
161344_TK_MC	1	3	3	8.6	49.934	5.08E-16	103330000
180536_TK_MC	2	2	2	10.2	28.241	2.17E-05	21605000
161362_TK_MC	2	2	2	10.2	28.241	2.17E-05	21605000
180415_TK_MC	3	2	2	5.4	48.014	0.00014635	8187100
85326_TK_MC	3	2	2	5.4	48.014	0.00014635	8187100
161900_TK_MC	3	2	2	5.4	48.014	0.00014635	8187100
162218_TK_MC	2	2	2	3.7	67.479	4.93E-06	10809000
154976_TK_MC	2	2	2	3.7	67.479	4.93E-06	10809000
162454_TK_MC	1	2	2	14.7	22.3	1.69E-08	12449000
162601_TK_MC	1	2	2	0.6	451.08	5.13E-05	16286000
162768_TK_MC	6	1	1	1	141.73	0.027614	50348000
66889_TK_MC	6	1	1	1	141.73	0.027614	50348000
66890_TK_MC	6	1	1	1	141.73	0.027614	50348000
66891_TK_MC	6	1	1	1	141.73	0.027614	50348000
171347_TK_MC	6	1	1	1	141.73	0.027614	50348000
178148_TK_MC	6	1	1	1	141.73	0.027614	50348000
63511_TK_MC	3	1	1	4.1	30.875	3.04E-06	18292000
63510_TK_MC	3	1	1	4.1	30.875	3.04E-06	18292000
162870_TK_MC	3	1	1	4.1	30.875	3.04E-06	18292000
162879_TK_MC	3	2	2	15.3	19.504	7.42E-08	19897000
66243_TK_MC	3	2	2	15.3	19.504	7.42E-08	19897000
172106_TK_MC	3	2	2	15.3	19.504	7.42E-08	19897000
162899_TK_MC	1	1	1	2.3	40.732	0.022291	112030000
163156_TK_MC	1	2	2	13.9	23.634	2.18E-08	12052000
163345_TK_MC	4	3	3	6.7	59.495	1.25E-15	361680000
78237_TK_MC	4	3	3	6.7	59.495	1.25E-15	361680000
78225_TK_MC	4	3	3	6.7	59.495	1.25E-15	361680000
174274_TK_MC	4	3	3	6.7	59.495	1.25E-15	361680000
163377_TK_MC	3	2	2	5.4	48.012	3.64E-16	21247000
180869_TK_MC	3	2	2	5.4	48.012	3.64E-16	21247000
125125_TK_MC	3	2	2	5.4	48.012	3.64E-16	21247000
163378_TK_MC	3	2	2	8.9	33.823	2.68E-06	40858000
173826_TK_MC	3	2	2	8.9	33.823	2.68E-06	40858000
125083_TK_MC	3	2	2	8.9	33.823	2.68E-06	40858000
163513_TK_MC	6	5	4	19.6	32.619	9.61E-16	148420000
79931_TK_MC	6	5	4	19.6	32.619	9.61E-16	148420000
138801_TK_MC	6	5	4	19.6	32.619	9.61E-16	148420000
138800_TK_MC	6	5	4	19.6	32.619	9.61E-16	148420000
138799_TK_MC	6	5	4	19.6	32.619	9.61E-16	148420000
79929_TK_MC	6	5	4	19.6	32.619	9.61E-16	148420000
163524_TK_MC	3	2	2	7.2	30.376	0.00032234	120960000
158641_TK_MC	3	2	2	7.2	30.376	0.00032234	120960000
116233_TK_MC	3	2	2	7.2	30.376	0.00032234	120960000
163849_TK_MC	4	9	5	29.7	45.615	1.25E-50	657670000
161123_TK_MC	4	9	5	29.7	45.615	1.25E-50	657670000
114524_TK_MC	4	9	5	29.7	45.615	1.25E-50	657670000
161122_TK_MC	4	9	5	29.7	45.615	1.25E-50	657670000
76626_TK_MC	3	1	1	1.7	80.755	4.83E-07	14936000
76627_TK_MC	3	1	1	1.7	80.755	4.83E-07	14936000
164442_TK_MC	3	1	1	1.7	80.755	4.83E-07	14936000
164605_TK_MC	1	7	1	19.7	41.857	1.48E-52	327810000
164620_TK_MC	2	2	2	32.5	13.673	5.77E-06	33011000
83050_TK_MC	2	2	2	32.5	13.673	5.77E-06	33011000
63176_TK_MC	5	2	2	7.8	36.5	0.00021819	45066000
164645_TK_MC	5	2	2	7.8	36.5	0.00021819	45066000
63177_TK_MC	5	2	2	7.8	36.5	0.00021819	45066000
164652_TK_MC	5	2	2	7.8	36.5	0.00021819	45066000
164651_TK_MC	5	2	2	7.8	36.5	0.00021819	45066000
164763_TK_MC	3	8	8	20.3	51.824	1.55E-39	3074000000
72301_TK_MC	3	8	8	20.3	51.824	1.55E-39	3074000000
72300_TK_MC	3	8	8	20.3	51.824	1.55E-39	3074000000
164765_TK_MC	1	4	4	27.1	18.057	1.67E-09	104220000
164820_TK_MC	1	1	1	5.3	21.588	0.0058821	38610000
180516_TK_MC	4	2	2	4.8	48.032	1.93E-05	94034000
73118_TK_MC	4	2	2	4.8	48.032	1.93E-05	94034000
164919_TK_MC	4	2	2	4.8	48.032	1.93E-05	94034000
73117_TK_MC	4	2	2	4.8	48.032	1.93E-05	94034000
165085_TK_MC	2	10	6	23.7	52.887	5.15E-70	2907600000
68340_TK_MC	2	10	6	23.7	52.887	5.15E-70	2907600000
165352_TK_MC	1	7	0	20.2	37.139	1.16E-46	2002900000
165404_TK_MC	2	8	1	18.1	61.804	1.05E-31	0
158795_TK_MC	2	8	1	18.1	61.804	1.05E-31	0
165405_TK_MC	1	5	1	21.1	33.984	4.94E-17	0
165649_TK_MC	1	1	1	5	18.007	0.021534	710290000
165938_TK_MC	1	2	2	5.1	57.959	8.11E-05	42919000
165972_TK_MC	1	1	1	5.8	22.262	0.028401	4140500
80186_TK_MC	2	1	1	1.8	68.148	0.00019203	0
166176_TK_MC	2	1	1	1.8	68.148	0.00019203	0
166754_TK_MC	3	1	1	2.8	44.714	0.0088941	8647700
77903_TK_MC	3	1	1	2.8	44.714	0.0088941	8647700
77904_TK_MC	3	1	1	2.8	44.714	0.0088941	8647700
90604_TK_MC	2	2	2	13.1	22.096	3.15E-09	5284400
166856_TK_MC	2	2	2	13.1	22.096	3.15E-09	5284400
166978_TK_MC	7	3	3	5.8	66.992	2.37E-06	36718000
169848_TK_MC	7	3	3	5.8	66.992	2.37E-06	36718000
176664_TK_MC	7	3	3	5.8	66.992	2.37E-06	36718000
126481_TK_MC	7	3	3	5.8	66.992	2.37E-06	36718000
126480_TK_MC	7	3	3	5.8	66.992	2.37E-06	36718000
62160_TK_MC	7	3	3	5.8	66.992	2.37E-06	36718000
126479_TK_MC	7	3	3	5.8	66.992	2.37E-06	36718000
167051_TK_MC	1	4	4	26.8	22.662	1.07E-16	98016000
182211_TK_MC	4	3	3	17.4	18.023	1.32E-06	37221000
167055_TK_MC	4	3	3	17.4	18.023	1.32E-06	37221000
66535_TK_MC	4	3	3	17.4	18.023	1.32E-06	37221000
66536_TK_MC	4	3	3	17.4	18.023	1.32E-06	37221000
167075_TK_MC	9	4	4	13.2	45.133	2.11E-10	38216000
67673_TK_MC	9	4	4	13.2	45.133	2.11E-10	38216000
67671_TK_MC	9	4	4	13.2	45.133	2.11E-10	38216000
173340_TK_MC	9	4	4	13.2	45.133	2.11E-10	38216000
173338_TK_MC	9	4	4	13.2	45.133	2.11E-10	38216000
173339_TK_MC	9	4	4	13.2	45.133	2.11E-10	38216000
180437_TK_MC	9	4	4	13.2	45.133	2.11E-10	38216000
180448_TK_MC	9	4	4	13.2	45.133	2.11E-10	38216000
173326_TK_MC	9	4	4	13.2	45.133	2.11E-10	38216000
167355_TK_MC	1	4	3	16.2	40.846	2.08E-10	102640000
167357_TK_MC	4	4	4	26.8	24.586	1.10E-97	350500000
81434_TK_MC	4	4	4	26.8	24.586	1.10E-97	350500000
169788_TK_MC	4	4	4	26.8	24.586	1.10E-97	350500000
139613_TK_MC	4	4	4	26.8	24.586	1.10E-97	350500000
167365_TK_MC	1	3	1	26.7	20.322	5.47E-62	38379000
167493_TK_MC	2	3	3	34	12.618	1.28E-06	21848000
109687_TK_MC	2	3	3	34	12.618	1.28E-06	21848000
167498_TK_MC	1	2	1	7.6	40.279	0.00015775	9908600
167565_TK_MC	1	1	1	10.9	15.973	5.62E-08	33083000
178466_TK_MC	5	2	2	6	51.637	1.14E-18	11184000
171443_TK_MC	5	2	2	6	51.637	1.14E-18	11184000
167580_TK_MC	5	2	2	6	51.637	1.14E-18	11184000
65418_TK_MC	5	2	2	6	51.637	1.14E-18	11184000
171759_TK_MC	5	2	2	6	51.637	1.14E-18	11184000
167622_TK_MC	2	1	1	5.5	31.946	9.31E-05	9629900
99046_TK_MC	2	1	1	5.5	31.946	9.31E-05	9629900
80244_TK_MC	3	2	2	4.6	42.501	0.00038454	893480000
80246_TK_MC	3	2	2	4.6	42.501	0.00038454	893480000
168080_TK_MC	3	2	2	4.6	42.501	0.00038454	893480000
65674_TK_MC	2	1	1	9.1	18.923	0.0034434	14137000
168247_TK_MC	2	1	1	9.1	18.923	0.0034434	14137000
168616_TK_MC	1	1	1	5.2	37.746	0.014284	10763000
179190_TK_MC	4	34	34	24.9	184.46	8.93E-223	1730700000
179191_TK_MC	4	34	34	24.9	184.46	8.93E-223	1730700000
168819_TK_MC	4	34	34	24.9	184.46	8.93E-223	1730700000
85320_TK_MC	4	34	34	24.9	184.46	8.93E-223	1730700000
179112_TK_MC	5	1	1	2.4	60.176	5.89E-06	7198700
179111_TK_MC	5	1	1	2.4	60.176	5.89E-06	7198700
168883_TK_MC	5	1	1	2.4	60.176	5.89E-06	7198700
62541_TK_MC	5	1	1	2.4	60.176	5.89E-06	7198700
62540_TK_MC	5	1	1	2.4	60.176	5.89E-06	7198700
169033_TK_MC	1	1	1	8	13.32	0.022322	0
178103_TK_MC	2	2	1	6.3	37.631	2.46E-05	14619000
169138_TK_MC	2	2	1	6.3	37.631	2.46E-05	14619000
177538_TK_MC	4	1	1	5.7	16.548	0.023559	21300000
169336_TK_MC	4	1	1	5.7	16.548	0.023559	21300000
78445_TK_MC	4	1	1	5.7	16.548	0.023559	21300000
78444_TK_MC	4	1	1	5.7	16.548	0.023559	21300000
169501_TK_MC	4	1	1	4.7	22.662	0.0031263	0
173712_TK_MC	4	1	1	4.7	22.662	0.0031263	0
61485_TK_MC	4	1	1	4.7	22.662	0.0031263	0
94045_TK_MC	4	1	1	4.7	22.662	0.0031263	0
169659_TK_MC	1	1	1	5.4	50.062	0.00032094	0
177528_TK_MC	4	4	4	15.9	35.982	1.87E-09	30913000
170666_TK_MC	4	4	4	15.9	35.982	1.87E-09	30913000
125707_TK_MC	4	4	4	15.9	35.982	1.87E-09	30913000
167451_TK_MC	4	4	4	15.9	35.982	1.87E-09	30913000
80877_TK_MC	3	1	1	8.9	12.731	0.011224	16996000
170849_TK_MC	3	1	1	8.9	12.731	0.011224	16996000
80876_TK_MC	3	1	1	8.9	12.731	0.011224	16996000
66000_TK_MC	26	4	4	17.6	33.23	2.78E-16	217730000
172050_TK_MC	26	4	4	17.6	33.23	2.78E-16	217730000
172058_TK_MC	26	4	4	17.6	33.23	2.78E-16	217730000
172052_TK_MC	26	4	4	17.6	33.23	2.78E-16	217730000
129870_TK_MC	26	4	4	17.6	33.23	2.78E-16	217730000
172059_TK_MC	26	4	4	17.6	33.23	2.78E-16	217730000
172056_TK_MC	26	4	4	17.6	33.23	2.78E-16	217730000
172057_TK_MC	26	4	4	17.6	33.23	2.78E-16	217730000
172051_TK_MC	26	4	4	17.6	33.23	2.78E-16	217730000
172055_TK_MC	26	4	4	17.6	33.23	2.78E-16	217730000
172048_TK_MC	26	4	4	17.6	33.23	2.78E-16	217730000
157143_TK_MC	26	4	4	17.6	33.23	2.78E-16	217730000
129865_TK_MC	26	4	4	17.6	33.23	2.78E-16	217730000
178938_TK_MC	26	4	4	17.6	33.23	2.78E-16	217730000
129872_TK_MC	26	4	4	17.6	33.23	2.78E-16	217730000
178940_TK_MC	26	4	4	17.6	33.23	2.78E-16	217730000
172047_TK_MC	26	4	4	17.6	33.23	2.78E-16	217730000
129869_TK_MC	26	4	4	17.6	33.23	2.78E-16	217730000
169853_TK_MC	26	4	4	17.6	33.23	2.78E-16	217730000
129873_TK_MC	26	4	4	17.6	33.23	2.78E-16	217730000
129871_TK_MC	26	4	4	17.6	33.23	2.78E-16	217730000
66002_TK_MC	26	4	4	17.6	33.23	2.78E-16	217730000
66008_TK_MC	26	4	4	17.6	33.23	2.78E-16	217730000
172049_TK_MC	26	4	4	17.6	33.23	2.78E-16	217730000
129866_TK_MC	26	4	4	17.6	33.23	2.78E-16	217730000
129867_TK_MC	26	4	4	17.6	33.23	2.78E-16	217730000
17207_TK_MC	1	1	1	38.9	4.0235	0.027846	0
78359_TK_MC	6	5	5	37.8	17.386	2.47E-24	979000000
172466_TK_MC	6	5	5	37.8	17.386	2.47E-24	979000000
137842_TK_MC	6	5	5	37.8	17.386	2.47E-24	979000000
78358_TK_MC	6	5	5	37.8	17.386	2.47E-24	979000000
179461_TK_MC	6	5	5	37.8	17.386	2.47E-24	979000000
137843_TK_MC	6	5	5	37.8	17.386	2.47E-24	979000000
173074_TK_MC	1	1	1	1.3	59.692	0.0011155	59327000
173708_TK_MC	2	1	1	5.1	22.329	0.011263	10133000
173707_TK_MC	2	1	1	5.1	22.329	0.011263	10133000
69474_TK_MC	2	1	1	8.8	16.76	0.025335	0
173710_TK_MC	2	1	1	8.8	16.76	0.025335	0
181424_TK_MC	3	3	1	5.7	72.557	5.46E-16	17859000
90620_TK_MC	3	3	1	5.7	72.557	5.46E-16	17859000
174191_TK_MC	3	3	1	5.7	72.557	5.46E-16	17859000
174490_TK_MC	4	3	3	11.9	24.559	2.89E-13	83069000
83503_TK_MC	4	3	3	11.9	24.559	2.89E-13	83069000
174491_TK_MC	4	3	3	11.9	24.559	2.89E-13	83069000
140862_TK_MC	4	3	3	11.9	24.559	2.89E-13	83069000
63446_TK_MC	2	2	2	12.3	23.556	7.43E-11	32352000
175200_TK_MC	2	2	2	12.3	23.556	7.43E-11	32352000
176185_TK_MC	1	2	1	19.6	12.069	9.49E-21	360880000
177101_TK_MC	2	5	2	29.5	19.603	5.80E-13	90662000
172008_TK_MC	2	5	2	29.5	19.603	5.80E-13	90662000
177102_TK_MC	2	4	1	25.5	16.368	3.91E-09	0
170199_TK_MC	2	4	1	25.5	16.368	3.91E-09	0
177258_TK_MC	1	1	1	11.3	11.165	0.00025285	0
177651_TK_MC	1	1	1	4.2	28.527	0.020853	11666000
177744_TK_MC	1	1	1	9.1	19.275	0.011074	7710200
178737_TK_MC	4	2	2	4.3	67.126	6.60E-06	0
178740_TK_MC	4	2	2	4.3	67.126	6.60E-06	0
78105_TK_MC	4	2	2	4.3	67.126	6.60E-06	0
178738_TK_MC	4	2	2	4.3	67.126	6.60E-06	0
179027_TK_MC	2	11	2	70.3	29.141	1.30E-101	520580000
177330_TK_MC	2	11	2	70.3	29.141	1.30E-101	520580000
179324_TK_MC	1	4	4	40	14.391	1.57E-20	602260000
179332_TK_MC	1	1	1	2.9	46.697	0.00031809	0
179366_TK_MC	2	2	2	6.6	39.788	0.00014818	20597000
179365_TK_MC	2	2	2	6.6	39.788	0.00014818	20597000
179600_TK_MC	1	3	3	8.6	44.826	3.42E-10	48000000
179625_TK_MC	1	3	3	23.3	18.374	4.24E-08	27404000
96209_TK_MC	2	1	1	5.5	21.728	0.00036989	13640000
179626_TK_MC	2	1	1	5.5	21.728	0.00036989	13640000
179727_TK_MC	2	4	4	44.1	14.806	1.80E-13	32061000
88605_TK_MC	2	4	4	44.1	14.806	1.80E-13	32061000
180299_TK_MC	2	4	4	13.4	38.536	2.15E-09	106390000
87862_TK_MC	2	4	4	13.4	38.536	2.15E-09	106390000
180589_TK_MC	1	1	1	3.4	40.405	0.00023011	5674300
79016_TK_MC	4	5	5	12.7	36.987	3.89E-18	564460000
79017_TK_MC	4	5	5	12.7	36.987	3.89E-18	564460000
79021_TK_MC	4	5	5	12.7	36.987	3.89E-18	564460000
180593_TK_MC	4	5	5	12.7	36.987	3.89E-18	564460000
180674_TK_MC	7	2	2	10.7	27.356	3.79E-15	344180000
83766_TK_MC	7	2	2	10.7	27.356	3.79E-15	344180000
180673_TK_MC	7	2	2	10.7	27.356	3.79E-15	344180000
180676_TK_MC	7	2	2	10.7	27.356	3.79E-15	344180000
83765_TK_MC	7	2	2	10.7	27.356	3.79E-15	344180000
61756_TK_MC	7	2	2	10.7	27.356	3.79E-15	344180000
61757_TK_MC	7	2	2	10.7	27.356	3.79E-15	344180000
180792_TK_MC	2	1	1	11.1	12.434	0.0086932	0
90625_TK_MC	2	1	1	11.1	12.434	0.0086932	0
180966_TK_MC	2	4	4	9.5	56.744	8.48E-17	872710000
80821_TK_MC	2	4	4	9.5	56.744	8.48E-17	872710000
182249_TK_MC	8	5	5	12.9	42.178	2.85E-19	232010000
182248_TK_MC	8	5	5	12.9	42.178	2.85E-19	232010000
136678_TK_MC	8	5	5	12.9	42.178	2.85E-19	232010000
76596_TK_MC	8	5	5	12.9	42.178	2.85E-19	232010000
136677_TK_MC	8	5	5	12.9	42.178	2.85E-19	232010000
136676_TK_MC	8	5	5	12.9	42.178	2.85E-19	232010000
76598_TK_MC	8	5	5	12.9	42.178	2.85E-19	232010000
136679_TK_MC	8	5	5	12.9	42.178	2.85E-19	232010000
182262_TK_MC	1	8	8	24.4	36.712	6.18E-122	3664900000
182426_TK_MC	1	1	1	3.9	36.318	3.38E-05	15206000
182484_TK_MC	2	1	1	7.6	16.225	0.00056286	16851000
77873_TK_MC	2	1	1	7.6	16.225	0.00056286	16851000
182676_TK_MC	2	9	9	44.1	21.413	2.36E-88	5394100000
162925_TK_MC	2	9	9	44.1	21.413	2.36E-88	5394100000
82252_TK_MC	3	1	1	3.1	41.628	0.023246	21912000
182790_TK_MC	3	1	1	3.1	41.628	0.023246	21912000
182795_TK_MC	3	1	1	3.1	41.628	0.023246	21912000
183204_TK_MC	1	1	1	12.7	14.396	8.32E-06	8583400
183227_TK_MC	1	2	2	7.7	28.378	0.0011593	0
183307_TK_MC	4	1	1	5.8	26.031	1.28E-29	257540000
61709_TK_MC	4	1	1	5.8	26.031	1.28E-29	257540000
61711_TK_MC	4	1	1	5.8	26.031	1.28E-29	257540000
183306_TK_MC	4	1	1	5.8	26.031	1.28E-29	257540000
183462_TK_MC	1	2	2	9.9	22.012	4.25E-06	82320000
61917_TK_MC	2	1	1	4.8	38.349	1.37E-43	655720000
183485_TK_MC	2	1	1	4.8	38.349	1.37E-43	655720000
183655_TK_MC	6	15	1	51.9	42.313	5.14E-99	449740000
176182_TK_MC	6	15	1	51.9	42.313	5.14E-99	449740000
176181_TK_MC	6	15	1	51.9	42.313	5.14E-99	449740000
176180_TK_MC	6	15	1	51.9	42.313	5.14E-99	449740000
77452_TK_MC	6	15	1	51.9	42.313	5.14E-99	449740000
183656_TK_MC	6	15	1	51.9	42.313	5.14E-99	449740000
183709_TK_MC	2	2	2	11.5	26.549	5.19E-05	112290000
183707_TK_MC	2	2	2	11.5	26.549	5.19E-05	112290000
20417_TK_MC	1	1	1	19.6	5.3544	0.0076416	8121100
46418_TK_MC	1	1	1	15.8	9.48	0.027801	27143000
54681_TK_MC	1	1	1	22.9	4.2599	0.033297	0
61208_TK_MC	1	3	3	27.2	20.175	2.99E-15	65482000
61877_TK_MC	4	37	2	41.9	121.69	0	11745000000
61875_TK_MC	4	37	2	41.9	121.69	0	11745000000
61876_TK_MC	4	37	2	41.9	121.69	0	11745000000
78464_TK_MC	4	37	2	41.9	121.69	0	11745000000
62202_TK_MC	4	7	7	21.7	55.636	8.41E-20	155560000
181734_TK_MC	4	7	7	21.7	55.636	8.41E-20	155560000
155147_TK_MC	4	7	7	21.7	55.636	8.41E-20	155560000
117430_TK_MC	4	7	7	21.7	55.636	8.41E-20	155560000
62435_TK_MC	1	1	1	8	19.302	0.00055642	68076000
62843_TK_MC	2	5	3	30.4	17.515	2.05E-10	310340000
62842_TK_MC	2	5	3	30.4	17.515	2.05E-10	310340000
63675_TK_MC	3	3	3	6.2	53.08	9.07E-08	51207000
63674_TK_MC	3	3	3	6.2	53.08	9.07E-08	51207000
168274_TK_MC	3	3	3	6.2	53.08	9.07E-08	51207000
63962_TK_MC	1	1	1	7.9	14.763	0.026184	19678000
63993_TK_MC	2	3	3	18.5	26.12	1.01E-19	145690000
63992_TK_MC	2	3	3	18.5	26.12	1.01E-19	145690000
64539_TK_MC	1	1	1	2.7	71.009	0.00010383	49072000
65774_TK_MC	1	3	3	9.3	37.116	4.81E-06	149390000
65872_TK_MC	1	13	13	36.7	60.102	3.14E-164	4510500000
66887_TK_MC	1	1	1	15.1	15.863	0.00097602	0
66950_TK_MC	1	4	4	17.2	27.734	8.12E-10	237770000
67064_TK_MC	4	2	2	10.1	25.135	0.00019325	6968700
67062_TK_MC	4	2	2	10.1	25.135	0.00019325	6968700
CON__Q3SX28	4	2	2	10.1	25.135	0.00019325	6968700
67063_TK_MC	4	2	2	10.1	25.135	0.00019325	6968700
67598_TK_MC	1	27	0	49.1	77.142	1.27E-281	21859000
68015_TK_MC	4	3	3	19.3	20.455	4.96E-09	304450000
162608_TK_MC	4	3	3	19.3	20.455	4.96E-09	304450000
131412_TK_MC	4	3	3	19.3	20.455	4.96E-09	304450000
68014_TK_MC	4	3	3	19.3	20.455	4.96E-09	304450000
68119_TK_MC	1	1	1	2.4	32.633	0.019504	66866000
68332_TK_MC	1	6	6	19.8	34.172	3.28E-15	1436800000
68866_TK_MC	3	4	0	23.9	18.491	1.28E-09	31559000
178898_TK_MC	3	4	0	23.9	18.491	1.28E-09	31559000
178899_TK_MC	3	4	0	23.9	18.491	1.28E-09	31559000
68980_TK_MC	1	3	3	22	17.365	1.40E-07	64916000
69362_TK_MC	2	5	5	51.6	14.285	2.04E-18	318370000
132338_TK_MC	2	5	5	51.6	14.285	2.04E-18	318370000
69771_TK_MC	1	1	1	39.5	4.5082	0.017239	18342000
69836_TK_MC	1	4	1	56.8	10.301	3.32E-37	37526000
70041_TK_MC	1	5	5	38	16.941	7.07E-67	2534100000
70293_TK_MC	2	2	2	9.4	32.186	6.86E-05	26345000
70294_TK_MC	2	2	2	9.4	32.186	6.86E-05	26345000
70476_TK_MC	1	2	2	9.3	32.15	5.31E-15	147300000
70764_TK_MC	1	1	1	4.9	27.129	0.00016248	0
71182_TK_MC	2	9	5	30.5	34.147	7.64E-51	2054400000
133504_TK_MC	2	9	5	30.5	34.147	7.64E-51	2054400000
71183_TK_MC	1	12	8	45.9	33.853	2.18E-113	7959300000
71184_TK_MC	1	4	3	38.5	13.754	2.36E-11	753250000
71185_TK_MC	1	1	1	14.5	6.4125	0.019967	251590000
71186_TK_MC	1	3	3	45.3	7.5826	9.52E-08	678050000
72614_TK_MC	7	4	4	9	60.661	2.39E-11	40785000
164954_TK_MC	7	4	4	9	60.661	2.39E-11	40785000
134459_TK_MC	7	4	4	9	60.661	2.39E-11	40785000
155338_TK_MC	7	4	4	9	60.661	2.39E-11	40785000
72616_TK_MC	7	4	4	9	60.661	2.39E-11	40785000
72613_TK_MC	7	4	4	9	60.661	2.39E-11	40785000
134460_TK_MC	7	4	4	9	60.661	2.39E-11	40785000
72647_TK_MC	1	6	6	23.4	35.569	9.03E-36	532060000
73555_TK_MC	2	32	32	26.1	174.04	2.16E-152	2359000000
166475_TK_MC	2	32	32	26.1	174.04	2.16E-152	2359000000
73673_TK_MC	1	7	7	18.4	55.28	6.69E-37	86430000
73831_TK_MC	4	5	5	17.6	43.643	1.15E-14	161650000
158349_TK_MC	4	5	5	17.6	43.643	1.15E-14	161650000
135136_TK_MC	4	5	5	17.6	43.643	1.15E-14	161650000
73830_TK_MC	4	5	5	17.6	43.643	1.15E-14	161650000
74084_TK_MC	1	1	1	6.7	16.555	0.0057613	75852000
74503_TK_MC	1	1	1	3.5	46.022	0.00058788	9000100
74691_TK_MC	1	1	1	4.7	19.929	0.015645	71946000
74693_TK_MC	2	4	4	17.5	26.69	2.68E-11	190400000
74690_TK_MC	2	4	4	17.5	26.69	2.68E-11	190400000
75674_TK_MC	7	12	1	15	103.91	3.79E-45	558830000
75673_TK_MC	7	12	1	15	103.91	3.79E-45	558830000
136195_TK_MC	7	12	1	15	103.91	3.79E-45	558830000
136194_TK_MC	7	12	1	15	103.91	3.79E-45	558830000
163329_TK_MC	7	12	1	15	103.91	3.79E-45	558830000
163326_TK_MC	7	12	1	15	103.91	3.79E-45	558830000
158794_TK_MC	7	12	1	15	103.91	3.79E-45	558830000
75728_TK_MC	3	3	3	12.3	35.813	4.05E-24	586400000
75729_TK_MC	3	3	3	12.3	35.813	4.05E-24	586400000
168601_TK_MC	3	3	3	12.3	35.813	4.05E-24	586400000
75755_TK_MC	1	1	1	1.4	97.751	0.011276	4834900
75794_TK_MC	1	2	2	10.4	34.273	3.37E-05	18211000
76031_TK_MC	1	2	2	8.5	35.584	9.84E-11	107550000
76381_TK_MC	3	2	2	10.5	25.412	1.24E-29	0
76383_TK_MC	3	2	2	10.5	25.412	1.24E-29	0
76382_TK_MC	3	2	2	10.5	25.412	1.24E-29	0
76440_TK_MC	1	2	2	12.3	20.349	0.0018351	65164000
76888_TK_MC	1	1	1	12.3	7.3905	0.023822	213220000
76892_TK_MC	2	1	1	6.2	17.532	0.027786	7880900
76895_TK_MC	2	1	1	6.2	17.532	0.027786	7880900
77302_TK_MC	4	6	6	13.1	49.552	1.30E-267	5274000000
77304_TK_MC	4	6	6	13.1	49.552	1.30E-267	5274000000
157331_TK_MC	4	6	6	13.1	49.552	1.30E-267	5274000000
181351_TK_MC	4	6	6	13.1	49.552	1.30E-267	5274000000
77410_TK_MC	1	2	2	13.5	20.406	6.69E-08	12654000
77434_TK_MC	2	3	3	14.5	36.929	6.13E-18	328450000
137253_TK_MC	2	3	3	14.5	36.929	6.13E-18	328450000
180022_TK_MC	3	8	8	22.4	26.865	1.14E-36	2056900000
137535_TK_MC	3	8	8	22.4	26.865	1.14E-36	2056900000
77831_TK_MC	3	8	8	22.4	26.865	1.14E-36	2056900000
78462_TK_MC	6	22	19	33.5	77.288	2.47E-238	11782000000
78465_TK_MC	6	22	19	33.5	77.288	2.47E-238	11782000000
61734_TK_MC	6	22	19	33.5	77.288	2.47E-238	11782000000
178943_TK_MC	6	22	19	33.5	77.288	2.47E-238	11782000000
182265_TK_MC	6	22	19	33.5	77.288	2.47E-238	11782000000
61735_TK_MC	6	22	19	33.5	77.288	2.47E-238	11782000000
79201_TK_MC	4	3	3	18.3	22.489	1.89E-07	133940000
79200_TK_MC	4	3	3	18.3	22.489	1.89E-07	133940000
178293_TK_MC	4	3	3	18.3	22.489	1.89E-07	133940000
79199_TK_MC	4	3	3	18.3	22.489	1.89E-07	133940000
79441_TK_MC	2	5	5	6.1	109.46	1.38E-13	88338000
162674_TK_MC	2	5	5	6.1	109.46	1.38E-13	88338000
79463_TK_MC	1	10	2	29.4	39.625	1.87E-74	376640000
79464_TK_MC	2	11	3	30.5	40.544	1.76E-100	4871200000
164889_TK_MC	2	11	3	30.5	40.544	1.76E-100	4871200000
79924_TK_MC	1	1	1	7.8	20.365	0.020524	5009600
79930_TK_MC	1	2	1	9.9	20.779	9.50E-06	90055000
80343_TK_MC	2	2	1	30.1	9.3926	6.09E-06	206570000
80341_TK_MC	2	2	1	30.1	9.3926	6.09E-06	206570000
80430_TK_MC	3	7	7	26.6	36.737	6.96E-24	293250000
80433_TK_MC	3	7	7	26.6	36.737	6.96E-24	293250000
139048_TK_MC	3	7	7	26.6	36.737	6.96E-24	293250000
80693_TK_MC	4	23	23	34.4	110.13	7.30E-143	1408600000
177605_TK_MC	4	23	23	34.4	110.13	7.30E-143	1408600000
179075_TK_MC	4	23	23	34.4	110.13	7.30E-143	1408600000
179076_TK_MC	4	23	23	34.4	110.13	7.30E-143	1408600000
80731_TK_MC	4	5	5	21.4	32.638	2.89E-29	2029800000
139229_TK_MC	4	5	5	21.4	32.638	2.89E-29	2029800000
161334_TK_MC	4	5	5	21.4	32.638	2.89E-29	2029800000
80732_TK_MC	4	5	5	21.4	32.638	2.89E-29	2029800000
81146_TK_MC	1	1	1	2.6	48.341	0.0020368	8370700
81348_TK_MC	3	2	2	6	45.235	5.01E-07	27751000
123871_TK_MC	3	2	2	6	45.235	5.01E-07	27751000
81347_TK_MC	3	2	2	6	45.235	5.01E-07	27751000
81484_TK_MC	2	13	1	52.5	34.745	8.82E-91	468790000
81485_TK_MC	2	13	1	52.5	34.745	8.82E-91	468790000
81705_TK_MC	3	6	3	20.2	44.512	1.90E-18	43016000
165350_TK_MC	3	6	3	20.2	44.512	1.90E-18	43016000
175974_TK_MC	3	6	3	20.2	44.512	1.90E-18	43016000
81706_TK_MC	1	6	0	15.4	44.493	3.56E-43	68226000
81961_TK_MC	2	4	4	65.7	7.8477	8.39E-141	3048100000
81962_TK_MC	2	4	4	65.7	7.8477	8.39E-141	3048100000
82036_TK_MC	2	2	2	13	26.478	8.58E-12	0
82037_TK_MC	2	2	2	13	26.478	8.58E-12	0
82068_TK_MC	1	1	1	2.6	35.772	0.021154	0
82276_TK_MC	3	3	3	7.6	79.033	8.73E-17	66896000
82277_TK_MC	3	3	3	7.6	79.033	8.73E-17	66896000
165571_TK_MC	3	3	3	7.6	79.033	8.73E-17	66896000
82533_TK_MC	7	5	4	38.1	22.209	7.13E-19	335440000
82534_TK_MC	7	5	4	38.1	22.209	7.13E-19	335440000
140347_TK_MC	7	5	4	38.1	22.209	7.13E-19	335440000
82528_TK_MC	7	5	4	38.1	22.209	7.13E-19	335440000
140345_TK_MC	7	5	4	38.1	22.209	7.13E-19	335440000
82527_TK_MC	7	5	4	38.1	22.209	7.13E-19	335440000
82532_TK_MC	7	5	4	38.1	22.209	7.13E-19	335440000
93551_TK_MC	3	3	3	29.4	11.236	1.71E-06	130200000
82539_TK_MC	3	3	3	29.4	11.236	1.71E-06	130200000
82540_TK_MC	3	3	3	29.4	11.236	1.71E-06	130200000
82779_TK_MC	1	1	1	6.2	26.343	0.0029876	18661000
82859_TK_MC	2	3	3	8.9	50.055	2.35E-14	281080000
86736_TK_MC	2	3	3	8.9	50.055	2.35E-14	281080000
83222_TK_MC	1	1	1	4.9	21.944	0.028769	0
83330_TK_MC	3	3	3	25.3	17.706	3.36E-19	747060000
179755_TK_MC	3	3	3	25.3	17.706	3.36E-19	747060000
172676_TK_MC	3	3	3	25.3	17.706	3.36E-19	747060000
83338_TK_MC	1	1	1	11.9	13.069	0.00015704	31380000
84338_TK_MC	3	7	7	15.2	77.502	1.92E-41	241620000
84336_TK_MC	3	7	7	15.2	77.502	1.92E-41	241620000
84337_TK_MC	3	7	7	15.2	77.502	1.92E-41	241620000
84589_TK_MC	2	5	2	16.8	46.648	8.47E-16	387590000
167387_TK_MC	2	5	2	16.8	46.648	8.47E-16	387590000
85540_TK_MC	1	1	1	10.8	16.286	1.05E-08	25049000
86259_TK_MC	1	5	5	21.9	36.061	3.83E-29	352440000
86385_TK_MC	1	2	2	33.8	7.7359	1.03E-28	127770000
86445_TK_MC	1	1	1	3.1	35.438	0.015377	0
86943_TK_MC	1	6	6	21.9	39.816	5.33E-30	247600000
87034_TK_MC	1	7	6	38.4	21.204	3.80E-63	951220000
87043_TK_MC	1	3	3	10.1	43.729	2.39E-14	119010000
87228_TK_MC	1	2	2	21.1	23.529	1.57E-18	161180000
87473_TK_MC	1	1	1	16.9	7.9247	0.0055261	0
87503_TK_MC	1	1	1	13.2	19.942	0.022823	15683000
87506_TK_MC	1	1	1	10.5	17.762	0.001474	19209000
87756_TK_MC	2	5	5	34.3	16.122	2.70E-25	2238300000
166288_TK_MC	2	5	5	34.3	16.122	2.70E-25	2238300000
87995_TK_MC	1	1	1	20	5.5136	0.011438	17336000
88087_TK_MC	1	1	1	21.8	9.2083	0.0030533	19152000
88124_TK_MC	1	4	4	30.8	16.51	1.34E-18	525930000
88189_TK_MC	1	1	1	9	15.24	0.0047223	9361000
88291_TK_MC	1	1	1	15.7	8.0139	0.0056978	7537200
88434_TK_MC	1	1	1	14.5	8.4558	0.011818	13838000
88541_TK_MC	1	4	4	39	17.203	3.36E-21	171250000
88706_TK_MC	1	1	1	12	9.7551	0.0042996	17030000
88788_TK_MC	1	5	5	50.4	14.12	7.42E-60	1852500000
89069_TK_MC	1	1	1	5	28.508	0.0039106	14284000
89325_TK_MC	1	1	1	32.7	5.7063	1.01E-10	23585000
89357_TK_MC	2	2	2	14	22.504	2.84E-06	11498000
103476_TK_MC	2	2	2	14	22.504	2.84E-06	11498000
90180_TK_MC	2	17	17	29	74.58	2.53E-128	5062000000
156149_TK_MC	2	17	17	29	74.58	2.53E-128	5062000000
90229_TK_MC	1	2	2	40.9	7.6214	0.0010504	112260000
90230_TK_MC	1	1	1	5.9	15.375	0.027575	299250000
90494_TK_MC	1	1	1	19.7	6.6857	0.002282	35234000
90606_TK_MC	1	1	1	21.2	7.3956	0.00031988	22758000
90688_TK_MC	1	1	1	3	50.219	0.00012975	0
90731_TK_MC	1	3	3	32.7	17.197	4.22E-06	164570000
90763_TK_MC	1	1	1	10.1	15.93	0.00041238	18461000
90767_TK_MC	1	1	1	22.2	6.6646	3.39E-06	36667000
91086_TK_MC	1	3	2	8.6	39.694	6.24E-09	44146000
91116_TK_MC	1	2	2	13.2	16.902	1.56E-05	0
91158_TK_MC	1	5	5	19.7	26.603	1.12E-13	140200000
91338_TK_MC	1	2	2	23.4	11.578	0.00019548	67001000
91370_TK_MC	1	4	3	38.9	14.343	5.69E-34	361770000
91586_TK_MC	2	2	2	15.3	14.853	4.78E-06	41136000
148752_TK_MC	2	2	2	15.3	14.853	4.78E-06	41136000
92195_TK_MC	1	1	1	24.5	4.9875	0.02087	25229000
92503_TK_MC	1	3	3	28.3	16.503	2.25E-06	47519000
92627_TK_MC	1	3	1	12.6	33.353	1.10E-15	7675100
92736_TK_MC	2	9	9	37.4	34.717	1.52E-42	660000000
163154_TK_MC	2	9	9	37.4	34.717	1.52E-42	660000000
92816_TK_MC	1	1	1	26.2	7.4373	0.00035177	18392000
92817_TK_MC	1	1	1	2.3	50.748	0.026525	0
92824_TK_MC	1	1	1	17.9	4.5014	0.042706	7735100
92897_TK_MC	1	2	1	25.6	8.7049	4.55E-19	45994000
93030_TK_MC	1	1	1	12	12.008	0.00013667	14296000
93401_TK_MC	1	4	4	66.1	6.88	2.87E-10	256420000
93731_TK_MC	1	3	3	27.8	12.611	9.99E-14	256120000
93809_TK_MC	1	2	2	29.6	11.63	3.73E-09	5370900
93884_TK_MC	1	1	1	22.7	7.8969	3.52E-06	45482000
93909_TK_MC	1	4	3	45	12.822	2.68E-39	1174400000
94032_TK_MC	1	4	4	18.8	31.194	1.01E-18	101140000
94097_TK_MC	1	3	1	50.6	8.9421	2.84E-11	35634000
94757_TK_MC	1	3	3	43.3	11.156	7.62E-12	35382000
94813_TK_MC	1	1	1	15.9	8.7301	0.0073147	13093000
95646_TK_MC	1	4	4	32.2	21.387	1.13E-28	363370000
96288_TK_MC	1	4	4	20.5	19.181	5.65E-09	186520000
96375_TK_MC	1	10	10	22.1	61.436	3.87E-47	635230000
96384_TK_MC	1	1	1	2.4	43.531	1.81E-05	18165000
96545_TK_MC	1	1	1	17.6	7.9677	0.00028801	25184000
96713_TK_MC	1	1	1	37.3	6.1761	0.024507	0
97038_TK_MC	1	4	4	47	13.593	9.35E-46	983340000
97132_TK_MC	1	3	3	59.7	7.4494	3.57E-11	17842000
97342_TK_MC	1	2	2	41.7	7.5042	6.86E-12	18044000
97394_TK_MC	1	2	2	13.6	14.756	4.71E-05	179060000
97533_TK_MC	1	1	1	14.6	10.446	0.00053525	16587000
97638_TK_MC	1	1	1	6.9	21.691	4.49E-14	9542500
97670_TK_MC	2	3	3	11.3	41.316	1.03E-22	71302000
82069_TK_MC	2	3	3	11.3	41.316	1.03E-22	71302000
97806_TK_MC	3	5	5	7.4	81.036	3.83E-12	691090000
163188_TK_MC	3	5	5	7.4	81.036	3.83E-12	691090000
163187_TK_MC	3	5	5	7.4	81.036	3.83E-12	691090000
97912_TK_MC	1	1	1	7.3	19.649	0.0092501	0
97957_TK_MC	1	1	1	17.7	6.976	0.0021	39659000
97968_TK_MC	1	7	7	22.5	57.787	2.48E-55	155290000
99072_TK_MC	1	2	2	21.2	18.044	2.41E-15	33596000
99483_TK_MC	1	1	1	15.2	12.681	0.010952	0
99564_TK_MC	1	1	1	18.7	12.12	8.74E-08	25886000
99918_TK_MC	1	3	3	44.7	15.635	5.56E-20	213550000
99967_TK_MC	1	1	1	13.5	10.115	0.00041304	17307000
CON__ENSEMBL:ENSBTAP00000025008	1	3	0	5.4	59.299	3.52E-09	0
CON__Q14533	2	1	1	1.6	54.971	0.02177	16452000
CON__O43790	2	1	1	1.6	54.971	0.02177	16452000
CON__P00761	1	6	6	35.9	24.409	8.35E-92	8287300000
CON__P02533	4	7	5	19.5	51.621	5.97E-45	179900000
CON__Q9QWL7	4	7	5	19.5	51.621	5.97E-45	179900000
CON__Q04695	4	7	5	19.5	51.621	5.97E-45	179900000
CON__Q61782	4	7	5	19.5	51.621	5.97E-45	179900000
CON__P02538	3	10	2	14.5	60.044	1.63E-48	34249000
CON__P04259	3	10	2	14.5	60.044	1.63E-48	34249000
CON__P48668	3	10	2	14.5	60.044	1.63E-48	34249000
CON__P02584	1	1	1	10	15.057	0.013896	0
CON__P02768-1	1	3	3	6.2	69.366	6.15E-06	39815000
CON__P02769	1	2	2	4.4	69.293	5.17E-14	32847000
CON__P04264	3	29	18	53.7	66.017	8.47E-278	7260000000
CON__H-INV:HIT000016045	3	29	18	53.7	66.017	8.47E-278	7260000000
CON__H-INV:HIT000292931	3	29	18	53.7	66.017	8.47E-278	7260000000
CON__P08779	1	3	1	7.4	51.267	1.98E-17	14400000
CON__P13645	6	21	19	46	59.51	0	3997500000
CON__P02535-1	6	21	19	46	59.51	0	3997500000
CON__Q2M2I5	6	21	19	46	59.51	0	3997500000
CON__P08730-1	6	21	19	46	59.51	0	3997500000
CON__ENSEMBL:ENSP00000377550	6	21	19	46	59.51	0	3997500000
CON__P13646-1	6	21	19	46	59.51	0	3997500000
CON__P20930	1	1	1	0.2	435.16	0.015532	0
CON__P35527	1	27	27	60.5	62.129	7.38E-251	4412800000
CON__P35908	18	25	16	46	65.865	1.43E-187	1340600000
CON__Q01546	18	25	16	46	65.865	1.43E-187	1340600000
CON__Q7Z794	18	25	16	46	65.865	1.43E-187	1340600000
CON__O95678	18	25	16	46	65.865	1.43E-187	1340600000
CON__Q6NXH9	18	25	16	46	65.865	1.43E-187	1340600000
CON__Q9R0H5	18	25	16	46	65.865	1.43E-187	1340600000
CON__Q6ISB0	18	25	16	46	65.865	1.43E-187	1340600000
CON__Q9NSB2	18	25	16	46	65.865	1.43E-187	1340600000
CON__P19013	18	25	16	46	65.865	1.43E-187	1340600000
CON__Q32MB2	18	25	16	46	65.865	1.43E-187	1340600000
CON__Q7RTS7	18	25	16	46	65.865	1.43E-187	1340600000
CON__P07744	18	25	16	46	65.865	1.43E-187	1340600000
CON__Q3SY84	18	25	16	46	65.865	1.43E-187	1340600000
CON__Q6IME9	18	25	16	46	65.865	1.43E-187	1340600000
CON__Q14CN4-1	18	25	16	46	65.865	1.43E-187	1340600000
CON__P08729	18	25	16	46	65.865	1.43E-187	1340600000
CON__Q3KNV1	18	25	16	46	65.865	1.43E-187	1340600000
CON__Q9DCV7	18	25	16	46	65.865	1.43E-187	1340600000
CON__P60712	11	13	6	47.7	41.736	1.44E-99	4263800000
76958_TK_MC	11	13	6	47.7	41.736	1.44E-99	4263800000
125686_TK_MC	11	13	6	47.7	41.736	1.44E-99	4263800000
76956_TK_MC	11	13	6	47.7	41.736	1.44E-99	4263800000
79311_TK_MC	11	13	6	47.7	41.736	1.44E-99	4263800000
76955_TK_MC	11	13	6	47.7	41.736	1.44E-99	4263800000
79312_TK_MC	11	13	6	47.7	41.736	1.44E-99	4263800000
106199_TK_MC	11	13	6	47.7	41.736	1.44E-99	4263800000
107504_TK_MC	11	13	6	47.7	41.736	1.44E-99	4263800000
76957_TK_MC	11	13	6	47.7	41.736	1.44E-99	4263800000
76959_TK_MC	11	13	6	47.7	41.736	1.44E-99	4263800000
CON__P62894	1	1	1	10.5	11.703	0.0077422	11422000
CON__Q3SX09	2	2	2	9.5	22.06	2.72E-07	329660000
CON__P02070	2	2	2	9.5	22.06	2.72E-07	329660000
CON__Q3ZBD7	2	3	3	7.9	62.87	3.08E-13	94458000
86960_TK_MC	2	3	3	7.9	62.87	3.08E-13	94458000
CON__Q5D862	1	1	1	0.5	248.07	4.72E-05	0
CON__Q5XQN5	3	14	0	19	62.936	1.38E-36	144870000
CON__Q922U2	3	14	0	19	62.936	1.38E-36	144870000
CON__Q8BGZ7	3	14	0	19	62.936	1.38E-36	144870000
CON__Q86YZ3	1	9	9	12.4	282.39	0	310640000
REV__171375_TK_MC	7	1	1	2.9	28.124	0.027189	12743000
REV__171377_TK_MC	7	1	1	2.9	28.124	0.027189	12743000
REV__163208_TK_MC	7	1	1	2.9	28.124	0.027189	12743000
REV__178206_TK_MC	7	1	1	2.9	28.124	0.027189	12743000
REV__178205_TK_MC	7	1	1	2.9	28.124	0.027189	12743000
REV__178207_TK_MC	7	1	1	2.9	28.124	0.027189	12743000
REV__178203_TK_MC	7	1	1	2.9	28.124	0.027189	12743000
REV__165209_TK_MC	1	1	1	6.1	17.676	0.022784	28341000
REV__166744_TK_MC	2	1	1	2	58.049	0.052398	40973000
REV__90729_TK_MC	2	1	1	2	58.049	0.052398	40973000
REV__167874_TK_MC	1	1	1	3.3	31.506	0.0071254	70302000
REV__75759_TK_MC	1	1	1	15.6	5.213	0.01825	150090000
REV__77884_TK_MC	1	1	1	22.5	4.6764	0.012905	25308000
REV__85248_TK_MC	1	1	1	2.4	44.102	0.010713	24277000
